12/part/0 -1 0.120567 0.024823 0.709220 1.031915
12/part/1 -1 0.256098 0.121951 0.762195 0.987805
12/part/2 -1 0.187097 0.129032 0.722581 1.045161
12/part/3 -1 0.076087 -0.070652 0.978261 1.472826
12/part/4 -1 0.239316 0.038462 0.948718 1.252137
12/part/5 -1 0.150000 -0.343750 1.187500 1.431250
12/part/6 -1 0.037037 -0.660494 1.061728 1.092593
12/part/7 -1 0.200000 0.023333 0.753333 0.970000
12/part/8 -1 0.234783 -0.134783 0.956522 1.100000
12/part/9 -1 0.054054 -0.371622 1.175676 1.547297
12/part/10 -1 0.088000 -0.012000 0.752000 1.124000
12/part/11 -1 0.203947 0.131579 0.750000 1.065789
12/part/12 -1 0.161074 0.090604 0.718121 1.043624
12/part/13 -1 0.141304 -0.233696 1.043478 1.309783
12/part/14 -1 0.178571 0.017857 0.771429 1.032143
12/part/15 -1 0.272727 0.121212 0.775758 0.981818
12/part/16 -1 0.160714 -0.218750 0.901786 1.049107
12/part/17 -1 -0.038835 -0.053398 0.766990 1.325243
12/part/18 -1 0.177778 -0.361111 1.100000 1.216667
12/part/19 -1 0.260355 -0.014793 0.751479 0.825444
12/part/20 -1 0.175000 -0.406250 1.212500 1.368750
12/part/21 -1 0.151786 0.084821 0.892857 1.352679
12/part/22 -1 0.023529 -0.405882 1.000000 1.264706
12/part/23 -1 0.108434 -0.560241 1.108434 1.150602
12/part/24 -1 0.081081 -0.641892 1.202703 1.277027
12/part/25 -1 0.045977 -0.580460 1.000000 1.051724
12/part/26 -1 0.243902 -0.039634 0.750000 0.826220
12/part/27 -1 0.070866 -0.255906 0.724409 0.862205
12/part/28 -1 -0.069767 -0.284884 0.895349 1.366279
12/part/29 -1 0.069307 -0.430693 0.891089 0.975248
12/part/30 -1 0.202532 0.126582 0.727848 1.025316
12/part/31 -1 0.192053 -0.155629 0.741722 0.784768
12/part/32 -1 0.109756 -0.103659 1.121951 1.628049
12/part/33 -1 0.000000 -0.561728 1.024691 1.191358
12/part/34 -1 0.280488 -0.015244 0.786585 0.850610
12/part/35 -1 0.158416 -0.173267 0.980198 1.232673
12/part/36 -1 0.159420 0.068841 0.760870 1.097826
12/part/37 -1 0.083969 0.072519 0.717557 1.156489
12/part/38 -1 -0.087912 -0.478022 0.824176 1.082418
12/part/39 -1 0.180233 0.037791 0.662791 0.863372
12/part/40 -1 -0.051095 -0.284672 1.182482 1.226277
12/part/41 -1 0.088235 -0.551471 1.330882 0.970588
12/part/42 -1 0.114679 -0.119266 0.889908 0.830275
12/part/43 -1 -0.030151 -0.160804 0.819095 0.879397
12/part/44 -1 0.022727 0.204545 0.790909 1.145455
12/part/45 -1 0.137255 -0.392157 1.241830 0.960784
12/part/46 -1 0.204918 -0.008197 0.897541 0.840164
12/part/47 -1 -0.192771 -0.222892 0.825301 1.024096
12/part/48 -1 0.091429 0.114286 1.057143 1.297143
12/part/49 -1 -0.093525 -0.280576 1.122302 1.208633
12/part/50 -1 -0.234899 -0.362416 0.899329 1.026846
12/part/51 -1 0.224599 -0.240642 1.128342 0.866310
12/part/52 -1 0.206278 0.206278 0.964126 1.134529
12/part/53 -1 -0.056872 -0.118483 0.744076 0.862559
12/part/54 -1 0.282787 0.061475 0.975410 0.909836
12/part/55 -1 -0.284722 -0.340278 0.888889 1.097222
12/part/56 -1 0.100418 0.004184 0.807531 0.870293
12/part/57 -1 0.012552 0.000000 0.719665 0.866109
12/part/58 -1 0.274590 0.086066 0.967213 0.934426
12/part/59 -1 -0.074713 0.103448 0.896552 1.293103
12/part/60 -1 0.082988 0.178423 0.784232 1.037344
12/part/61 -1 0.038136 0.105932 0.754237 0.983051
12/part/62 -1 0.070968 -0.322581 1.161290 1.012903
12/part/63 -1 -0.058824 -0.347059 0.935294 0.870588
12/part/64 -1 0.134615 -0.141026 1.217949 1.185897
12/part/65 -1 -0.057971 -0.391304 1.166667 1.108696
12/part/66 -1 0.259740 -0.030303 0.991342 0.865801
12/part/67 -1 -0.161491 0.074534 0.888199 1.360248
12/part/68 -1 0.255319 0.042553 0.974468 0.923404
12/part/69 -1 -0.217391 -0.391304 0.832298 0.894410
12/part/70 -1 -0.233918 -0.228070 0.941520 1.695906
12/part/71 -1 0.038278 -0.545455 1.000000 1.028708
12/part/72 -1 0.136150 -0.183099 1.079812 1.361502
12/part/73 -1 0.164706 0.062745 0.952941 1.352941
12/part/74 -1 0.112676 -0.112676 1.056338 1.431925
12/part/75 -1 0.162162 -0.355212 0.938224 0.915058
12/part/76 -1 0.146853 0.006993 0.849650 1.157343
12/part/77 -1 0.089623 -0.438679 1.037736 1.113208
12/part/78 -1 0.021390 -0.545455 1.096257 1.213904
12/part/79 -1 0.177215 -0.172996 1.025316 1.215190
12/part/80 -1 0.142857 -0.294643 1.040179 1.174107
12/part/81 -1 -0.039773 -0.267045 1.102273 1.602273
12/part/82 -1 0.039648 -0.114537 0.925110 1.334802
12/part/83 -1 0.012397 0.070248 0.842975 1.429752
12/part/84 -1 -0.028926 0.053719 0.801653 1.413223
12/part/85 -1 -0.171123 -0.395722 0.903743 1.363636
12/part/86 -1 0.132743 0.017699 1.022124 1.473451
12/part/87 -1 -0.203390 -0.649718 0.932203 1.209040
12/part/88 -1 0.179487 -0.435897 1.038462 0.970085
12/part/89 -1 0.066298 -0.508287 1.176796 1.309392
12/part/90 -1 -0.088496 -0.292035 1.035398 1.292035
12/part/91 -1 0.062112 -0.204969 0.850932 0.906832
12/part/92 -1 0.188889 -0.133333 0.894444 0.861111
12/part/93 -1 0.245370 -0.013889 0.833333 0.814815
12/part/94 -1 0.186170 0.047872 0.861702 1.000000
12/part/95 -1 -0.265487 -0.530973 0.858407 1.053097
12/part/96 -1 0.284264 -0.015228 0.928934 0.893401
12/part/97 -1 0.117949 0.092308 0.769231 1.010256
12/part/98 -1 0.031847 0.114650 0.840764 1.254777
12/part/99 -1 0.156863 -0.083333 0.779412 0.794118
12/part/100 -1 -0.013333 -0.313333 0.833333 0.880000
12/part/101 -1 0.127358 0.084906 0.726415 0.929245
12/part/102 -1 0.000000 -0.197531 0.783951 0.907407
12/part/103 -1 0.296117 0.004854 0.912621 0.873786
12/part/104 -1 -0.067164 -0.022388 0.880597 1.313433
12/part/105 -1 -0.009804 -0.303922 1.235294 1.450980
12/part/106 -1 0.052632 -0.078947 1.166667 1.491228
12/part/107 -1 0.160920 -0.212644 0.890805 0.816092
12/part/108 -1 0.112150 -0.373832 1.299065 1.299065
12/part/109 -1 -0.028571 -0.038095 1.180952 1.666667
12/part/110 -1 0.107143 -0.096939 0.755102 0.816327
12/part/111 -1 0.059701 -0.410448 1.007463 0.925373
12/part/112 -1 -0.023669 0.076923 0.727811 1.136095
12/part/113 -1 0.178404 0.084507 0.774648 0.924883
12/part/114 -1 -0.044586 0.070064 0.764331 1.210191
12/part/115 -1 0.270408 0.005102 0.918367 0.918367
12/part/116 -1 -0.326923 -0.355769 0.894231 1.365385
12/part/117 -1 0.061224 -0.025510 0.709184 0.887755
12/part/118 -1 0.006173 0.111111 0.790123 1.216049
12/part/119 -1 0.159509 -0.196319 0.938650 0.901840
12/part/120 -1 0.303922 0.000000 0.926471 0.877451
12/part/121 -1 0.159091 0.081818 0.736364 0.895455
12/part/122 -1 -0.061947 -0.203540 1.061947 1.380531
12/part/123 -1 0.321429 -0.040179 0.888393 0.758929
12/part/124 -1 0.287671 -0.013699 0.867580 0.803653
12/part/125 -1 -0.265487 -0.053097 0.858407 1.530973
12/part/126 -1 0.090090 -0.549550 1.234234 1.063063
12/part/127 -1 -0.220339 -0.296610 0.855932 1.220339
12/part/128 -1 0.138393 0.044643 0.705357 0.843750
12/part/129 -1 0.037383 -0.607477 1.224299 1.065421
12/part/130 -1 0.138095 0.085714 0.742857 0.938095
12/part/131 -1 0.179245 -0.047170 0.778302 0.797170
12/part/132 -1 -0.069444 -0.333333 0.812500 0.909722
12/part/133 -1 -0.072848 -0.264901 0.768212 0.920530
12/part/134 -1 0.215000 0.090000 0.850000 0.985000
12/part/135 -1 -0.173333 -0.160000 0.826667 1.240000
12/part/136 -1 0.075949 -0.417722 1.025316 0.911392
12/part/137 -1 0.247312 0.053763 1.053763 1.182796
12/part/138 -1 0.112150 -0.093458 0.813084 0.887850
12/part/139 -1 0.135135 -0.445946 1.148649 0.972973
12/part/140 -1 0.080645 -0.596774 1.290323 1.096774
12/part/141 -1 0.219512 -0.048780 1.134146 1.231707
12/part/142 -1 -0.276923 -0.476923 0.876923 1.138462
12/part/143 -1 0.107438 -0.090909 0.727273 0.776860
12/part/144 -1 0.260504 0.109244 0.890756 0.991597
12/part/145 -1 0.061538 -0.200000 1.215385 1.415385
12/part/146 -1 0.141176 0.047059 1.023529 1.282353
12/part/147 -1 0.226087 0.078261 0.878261 0.991304
12/part/148 -1 0.117117 0.090090 0.792793 1.036036
12/part/149 -1 0.242718 0.106796 0.970874 1.126214
12/part/150 -1 0.254098 -0.016393 0.868852 0.844262
12/part/151 -1 0.021978 -0.296703 0.846154 0.857143
12/part/152 -1 0.061856 0.154639 0.835052 1.237113
12/part/153 -1 0.231405 0.090909 0.851240 0.958678
12/part/154 -1 -0.253968 -0.634921 0.936508 1.031746
12/part/155 -1 0.064516 -0.629032 1.274194 1.064516
12/part/156 -1 0.318182 -0.053030 0.886364 0.742424
12/part/157 -1 0.278261 0.173913 0.930435 1.086957
12/part/158 -1 0.090909 -0.018182 0.772727 0.936364
12/part/159 -1 0.052083 -0.229167 0.833333 0.864583
12/part/160 -1 0.298246 -0.052632 0.956140 0.868421
12/part/161 -1 0.242424 0.227273 0.810606 1.022727
12/part/162 -1 0.137931 -0.333333 1.000000 0.873563
12/part/163 -1 -0.064103 -0.410256 0.897436 0.935897
12/part/164 -1 -0.042857 -0.485714 1.028571 1.014286
12/part/165 -1 0.105263 0.087719 0.763158 1.008772
12/part/166 -1 0.265487 0.000000 0.929204 0.929204
12/part/167 -1 -0.093750 -0.406250 1.078125 1.234375
12/part/168 -1 0.158730 -0.031746 0.753968 0.801587
12/part/169 -1 0.069444 -0.402778 1.111111 1.055556
12/part/170 -1 0.204545 0.212121 0.772727 1.007576
12/part/171 -1 0.107692 0.161538 0.684615 0.969231
12/part/172 -1 -0.250000 -0.609375 0.921875 1.031250
12/part/173 -1 0.307087 0.133858 0.897638 0.960630
12/part/174 -1 0.170732 -0.016260 0.780488 0.837398
12/part/175 -1 0.206897 -0.108374 0.783251 0.793103
12/part/176 -1 0.094444 0.166667 0.744444 1.183333
12/part/177 -1 0.283784 0.135135 0.810811 0.959459
12/part/178 -1 0.166667 -0.137931 0.839080 0.913793
12/part/179 -1 0.086705 0.144509 0.763006 1.202312
12/part/180 -1 0.068376 -0.307692 1.068376 1.256410
12/part/181 -1 0.261261 0.135135 0.788288 0.959459
12/part/182 -1 0.113744 0.142180 0.668246 1.009479
12/part/183 -1 0.142857 0.068027 0.938776 1.312925
12/part/184 -1 0.010417 -0.229167 1.229167 1.677083
12/part/185 -1 0.145038 0.030534 1.038168 1.427481
12/part/186 -1 0.138756 0.138756 0.698565 1.014354
12/part/187 -1 0.095808 -0.251497 0.796407 0.844311
12/part/188 -1 -0.020408 -0.714286 1.173469 1.153061
12/part/189 -1 0.244444 0.133333 0.764444 0.946667
12/part/190 -1 0.232673 0.034653 0.811881 0.940594
12/part/191 -1 -0.014815 -0.362963 0.851852 0.992593
12/part/192 -1 0.041420 -0.213018 0.733728 0.869822
12/part/193 -1 0.141553 0.136986 0.675799 0.972603
12/part/194 -1 0.333333 0.108108 0.860360 0.932432
12/part/195 -1 0.083333 -0.161458 0.692708 0.791667
12/part/196 -1 0.160000 -0.114286 0.828571 0.931429
12/part/197 -1 -0.020270 0.121622 0.770270 1.358108
12/part/198 -1 0.242857 0.085714 1.078571 1.392857
12/part/199 -1 0.317181 0.132159 0.832599 0.938326
12/part/200 -1 0.196172 -0.081340 0.755981 0.794258
12/part/201 -1 0.210256 -0.143590 0.810256 0.794872
12/part/202 -1 -0.101010 -0.262626 1.080808 1.585859
12/part/203 -1 0.225989 -0.124294 0.887006 0.909605
12/part/204 -1 -0.144231 -0.653846 0.980769 1.105769
12/part/205 -1 0.247423 0.154639 0.850515 1.097938
12/part/206 -1 0.191257 -0.027322 0.830601 0.972678
12/part/207 -1 0.123153 0.004926 0.699507 0.906404
12/part/208 -1 0.269231 0.115385 0.912088 1.120879
12/part/209 -1 -0.019802 -0.297030 1.138614 1.514851
12/part/210 -1 0.164773 0.096591 0.829545 1.136364
12/part/211 -1 0.210227 -0.073864 0.875000 0.965909
12/part/212 -1 0.166667 -0.255952 0.863095 0.833333
12/part/213 -1 0.089655 -0.358621 0.896552 0.903448
12/part/214 -1 0.124352 0.119171 0.730570 1.067358
12/part/215 -1 0.134078 0.027933 0.787709 1.050279
12/part/216 -1 0.209091 0.113636 0.740909 0.945455
12/part/217 -1 0.274882 0.090047 0.829384 0.957346
12/part/218 -1 0.198925 -0.096774 0.827957 0.887097
12/part/219 -1 0.234043 -0.092199 1.063830 1.205674
12/part/220 -1 0.154321 0.000000 1.141975 1.493827
12/part/221 -1 0.040179 -0.205357 0.754464 0.875000
12/part/222 -1 -0.023585 -0.094340 0.731132 1.047170
12/part/223 -1 0.234513 -0.203540 0.942478 0.867257
12/part/224 -1 -0.006849 -0.493151 1.089041 1.164384
12/part/225 -1 0.200704 -0.070423 0.764085 0.781690
12/part/226 -1 0.279605 0.118421 0.805921 0.914474
12/part/227 -1 0.187023 0.091603 0.797710 1.015267
12/part/228 -1 0.097656 0.039062 0.722656 0.984375
12/part/229 -1 0.072816 -0.252427 0.849515 0.922330
12/part/230 -1 -0.128378 -0.135135 0.952703 1.500000
12/part/231 -1 0.271812 0.181208 0.808725 0.993289
12/part/232 -1 0.155797 0.202899 0.735507 1.079710
12/part/233 -1 -0.201389 -0.166667 0.909722 1.513889
12/part/234 -1 0.261468 0.073394 0.995413 1.183486
12/part/235 -1 0.133562 -0.006849 0.681507 0.821918
12/part/236 -1 0.184028 -0.027778 0.739583 0.812500
12/part/237 -1 0.264228 -0.113821 0.914634 0.869919
12/part/238 -1 0.031250 0.012500 1.031250 1.525000
12/part/239 -1 -0.207143 -0.128571 0.935714 1.600000
12/part/240 -1 0.159091 0.045455 0.886364 1.145455
12/part/241 -1 -0.164062 -0.812500 1.085938 1.078125
12/part/242 -1 0.174074 0.044444 0.766667 0.940741
12/part/243 -1 0.077381 -0.178571 1.029762 1.261905
12/part/244 -1 -0.154412 -0.661765 1.022059 1.117647
12/part/245 -1 0.245370 0.055556 0.986111 1.175926
12/part/246 -1 -0.046392 -0.226804 0.778351 1.020619
12/part/247 -1 0.055000 -0.320000 0.855000 0.890000
12/part/248 -1 0.145522 -0.111940 0.742537 0.791045
12/part/249 -1 -0.045455 -0.324675 0.993506 1.246753
12/part/250 -1 0.120192 -0.240385 0.889423 0.923077
12/part/251 -1 0.097938 0.041237 0.922680 1.288660
12/part/252 -1 0.072368 -0.328947 1.125000 1.263158
12/part/253 -1 0.188742 0.079470 0.718543 0.880795
12/part/254 -1 -0.198529 -0.397059 0.977941 1.382353
12/part/255 -1 0.166667 0.023256 0.786822 0.961240
12/part/256 -1 0.187500 0.056818 1.096591 1.431818
12/part/257 -1 -0.143836 -0.136986 0.952055 1.520548
12/part/258 -1 0.118056 -0.472222 1.229167 1.208333
12/part/259 -1 0.146667 -0.060000 1.280000 1.566667
12/part/260 -1 0.055556 -0.035714 0.730159 0.932540
12/part/261 -1 0.195652 -0.157609 1.119565 1.168478
12/part/262 -1 0.128205 -0.183761 0.854701 0.858974
12/part/263 -1 0.160377 -0.250000 0.962264 0.900943
12/part/264 -1 0.028571 -0.178571 1.242857 1.564286
12/part/265 -1 0.322148 -0.023490 0.892617 0.795302
12/part/266 -1 -0.082192 -0.582192 1.082192 1.089041
12/part/267 -1 0.226950 -0.053191 0.829787 0.812057
12/part/268 -1 -0.071429 -0.196429 0.940476 1.255952
12/part/269 -1 -0.161765 -0.433824 1.088235 1.360294
12/part/270 -1 -0.139785 -0.188172 0.774194 1.123656
12/part/271 -1 0.051282 -0.326923 1.141026 1.237179
12/part/272 -1 0.162162 0.010135 0.736486 0.834459
12/part/273 -1 0.111111 0.059524 0.785714 1.027778
12/part/274 -1 -0.154930 -0.500000 1.042254 1.218310
12/part/275 -1 0.008403 0.096639 0.722689 1.121849
12/part/276 -1 0.078947 -0.611842 1.197368 0.993421
12/part/277 -1 0.235714 0.003571 0.842857 0.875000
12/part/278 -1 0.268657 0.123134 0.902985 1.033582
12/part/279 -1 0.149660 0.149660 0.727891 0.979592
12/part/280 -1 0.090909 -0.011364 0.734848 0.912879
12/part/281 -1 0.060150 -0.131579 0.699248 0.785714
12/part/282 -1 -0.069767 -0.459302 0.918605 0.959302
12/part/283 -1 -0.069307 0.034653 0.772277 1.242574
12/part/284 -1 0.116788 0.160584 0.737226 1.051095
12/part/285 -1 0.075630 -0.180672 0.789916 0.844538
12/part/286 -1 0.017699 -0.172566 0.769912 0.907080
12/part/287 -1 0.209790 0.153846 0.804196 1.006993
12/part/288 -1 0.116438 0.150685 0.698630 0.986301
12/part/289 -1 0.189474 0.036842 1.084211 1.321053
12/part/290 -1 0.237410 0.133094 0.848921 1.010791
12/part/291 -1 0.052174 0.108696 0.791304 1.169565
12/part/292 -1 0.054795 -0.171233 1.219178 1.500000
12/part/293 -1 0.255814 0.081395 0.914729 1.027132
12/part/294 -1 0.031496 -0.011811 0.700787 0.948819
12/part/295 -1 0.201493 0.115672 0.835821 1.026119
12/part/296 -1 -0.028571 0.052381 0.780952 1.214286
12/part/297 -1 0.296875 0.011719 0.960938 0.964844
12/part/298 -1 -0.097222 -0.229167 1.083333 1.465278
12/part/299 -1 0.092199 -0.053191 0.695035 0.812057
12/part/300 -1 -0.158537 -0.054878 0.951220 1.579268
12/part/301 -1 0.237762 -0.073427 0.874126 0.863636
12/part/302 -1 -0.144737 -0.322368 1.052632 1.440789
12/part/303 -1 -0.184783 -0.222826 0.804348 1.233696
12/part/304 -1 0.111111 0.115385 0.888889 1.260684
12/part/305 -1 0.189873 0.186709 0.765823 1.034810
12/part/306 -1 0.247863 -0.209402 1.025641 0.935897
12/part/307 -1 0.207547 0.091195 0.779874 0.933962
12/part/308 -1 0.136054 0.003401 0.755102 0.914966
12/part/309 -1 0.127660 -0.067376 0.773050 0.882979
12/part/310 -1 -0.289474 -0.401316 0.907895 1.361842
12/part/311 -1 0.191176 -0.077206 0.860294 0.908088
12/part/312 -1 -0.052083 -0.296875 0.895833 1.098958
12/part/313 -1 0.129630 -0.052469 0.691358 0.774691
12/part/314 -1 0.188811 -0.024476 0.825175 0.912587
12/part/315 -1 0.154762 0.178571 0.696429 0.976190
12/part/316 -1 0.142857 -0.226190 0.865079 0.837302
12/part/317 -1 0.173469 0.076531 1.102041 1.443878
12/part/318 -1 0.234177 0.189873 0.810127 1.037975
12/part/319 -1 0.205674 -0.074468 0.851064 0.875887
12/part/320 -1 0.177305 0.195035 0.822695 1.145390
12/part/321 -1 0.119048 0.043651 0.841270 1.107143
12/part/322 -1 0.108108 -0.023649 0.722973 0.881757
12/part/323 -1 0.310559 0.046584 0.875776 0.878882
12/part/324 -1 0.257862 0.040881 0.830189 0.883648
12/part/325 -1 -0.065421 0.014019 0.785047 1.266355
12/part/326 -1 0.219048 0.004762 1.085714 1.280952
12/part/327 -1 0.072917 0.036458 1.020833 1.432292
12/part/328 -1 0.109677 0.087097 0.696774 0.951613
12/part/329 -1 -0.043956 -0.214286 0.956044 1.258242
12/part/330 -1 0.108108 -0.319820 0.927928 0.887387
12/part/331 -1 0.227586 0.003448 0.855172 0.927586
12/part/332 -1 0.313725 0.075163 0.908497 0.950980
12/part/333 -1 0.155280 -0.046584 0.720497 0.785714
12/part/334 -1 0.135484 0.041935 0.722581 0.906452
12/part/335 -1 0.121622 0.125000 0.736486 1.030405
12/part/336 -1 0.016000 -0.132000 0.744000 0.940000
12/part/337 -1 0.250000 -0.084459 0.864865 0.820946
12/part/338 -1 0.107143 -0.541667 1.190476 1.053571
12/part/339 -1 -0.104167 0.057292 0.843750 1.453125
12/part/340 -1 0.166667 -0.234375 1.114583 1.161458
12/part/341 -1 -0.230769 -0.301282 0.935897 1.416667
12/part/342 -1 -0.112360 -0.084270 0.910112 1.421348
12/part/343 -1 0.037037 0.159259 0.711111 1.151852
12/part/344 -1 -0.069149 0.207447 1.143617 1.122340
12/part/345 -1 -0.032847 0.215328 0.799270 0.843066
12/part/346 -1 0.160448 0.138060 1.011194 0.779851
12/part/347 -1 0.212230 0.241007 1.032374 0.859712
12/part/348 -1 -0.124000 0.260000 0.788000 0.948000
12/part/349 -1 0.146825 0.162698 1.051587 0.845238
12/part/350 -1 -0.161111 0.161111 1.105556 1.116667
12/part/351 -1 -0.237805 -0.103659 1.152439 0.945122
12/part/352 -1 -0.070896 0.108209 0.779851 0.750000
12/part/353 -1 -0.050388 0.205426 0.833333 0.872093
12/part/354 -1 -0.062044 0.164234 0.770073 0.791971
12/part/355 -1 -0.398551 0.050725 1.253623 1.297101
12/part/356 -1 -0.389535 -0.040698 0.936047 0.959302
12/part/357 -1 -0.006667 0.060000 1.513333 1.206667
12/part/358 -1 0.103571 0.232143 0.917857 0.846429
12/part/359 -1 -0.035433 0.059055 0.862205 0.736220
12/part/360 -1 -0.225000 -0.045000 0.915000 0.815000
12/part/361 -1 -0.277174 0.190217 0.961957 1.125000
12/part/362 -1 0.003731 0.055970 0.854478 0.697761
12/part/363 -1 -0.564286 -0.007143 1.064286 1.221429
12/part/364 -1 -0.398734 -0.082278 1.044304 1.006329
12/part/365 -1 0.183594 0.082031 1.074219 0.753906
12/part/366 -1 0.075221 0.252212 1.084071 1.013274
12/part/367 -1 -0.071970 0.238636 0.791667 0.890152
12/part/368 -1 -0.206250 0.031250 1.218750 1.106250
12/part/369 -1 0.067460 0.226190 0.972222 0.908730
12/part/370 -1 0.077236 0.142276 1.004065 0.841463
12/part/371 -1 -0.137500 0.212500 0.812500 0.929167
12/part/372 -1 -0.353261 -0.135870 0.885870 0.798913
12/part/373 -1 -0.305195 -0.110390 1.175325 1.006494
12/part/374 -1 -0.126667 -0.166667 1.393333 0.980000
12/part/375 -1 0.108209 0.264925 0.958955 0.906716
12/part/376 -1 0.036458 0.192708 1.223958 1.088542
12/part/377 -1 -0.269737 0.085526 1.230263 1.217105
12/part/378 -1 -0.096591 0.153409 1.198864 1.130682
12/part/379 -1 0.208333 0.276515 1.071970 0.928030
12/part/380 -1 -0.256944 -0.312500 1.326389 0.881944
12/part/381 -1 0.057692 0.280769 0.934615 0.942308
12/part/382 -1 0.131356 0.021186 1.097458 0.750000
12/part/383 -1 -0.275000 0.175000 0.865000 1.035000
12/part/384 -1 0.201987 0.132450 0.890728 1.185430
12/part/385 -1 0.018116 -0.246377 0.771739 0.905797
12/part/386 -1 0.270053 0.219251 0.826203 1.069519
12/part/387 -1 0.230159 0.105820 0.780423 0.947090
12/part/388 -1 -0.130682 -0.079545 1.051136 1.727273
12/part/389 -1 0.269697 -0.018182 0.900000 0.945455
12/part/390 -1 0.269784 -0.215827 1.017986 0.928058
12/part/391 -1 0.071429 -0.257143 1.061905 1.257143
12/part/392 -1 0.214286 -0.012422 0.860248 0.975155
12/part/393 -1 0.250000 -0.005263 0.797368 0.831579
12/part/394 -1 0.210366 0.103659 0.844512 1.073171
12/part/395 -1 0.036667 -0.206667 0.730000 0.853333
12/part/396 -1 0.183230 -0.037267 0.829193 0.950311
12/part/397 -1 0.190608 -0.038674 0.765193 0.839779
12/part/398 -1 0.144231 -0.211538 0.810897 0.807692
12/part/399 -1 0.029605 -0.223684 0.713816 0.822368
12/part/400 -1 -0.028689 -0.352459 0.823770 0.950820
12/part/401 -1 0.176724 0.043103 1.073276 1.413793
12/part/402 -1 0.158683 -0.149701 0.781437 0.802395
12/part/403 -1 0.168571 -0.040000 0.762857 0.868571
12/part/404 -1 0.095455 -0.372727 1.040909 1.072727
12/part/405 -1 0.241477 0.125000 0.832386 1.028409
12/part/406 -1 0.207237 0.125000 0.891447 1.171053
12/part/407 -1 0.176923 0.025641 0.710256 0.841026
12/part/408 -1 -0.140909 -0.354545 0.804545 1.090909
12/part/409 -1 0.262048 -0.072289 0.888554 0.885542
12/part/410 -1 0.178125 -0.162500 0.828125 0.831250
12/part/411 -1 0.125731 -0.070175 0.733918 0.859649
12/part/412 -1 0.064024 -0.152439 0.698171 0.817073
12/part/413 -1 -0.084821 -0.062500 0.843750 1.357143
12/part/414 -1 -0.064655 0.060345 0.831897 1.431034
12/part/415 -1 0.069106 -0.390244 0.914634 0.902439
12/part/416 -1 0.206422 -0.266055 1.160550 1.192661
12/part/417 -1 0.121053 -0.231579 1.215789 1.442105
12/part/418 -1 0.126712 -0.205479 0.839041 0.883562
12/part/419 -1 -0.142045 -0.159091 1.039773 1.647727
12/part/420 -1 0.150888 0.213018 0.766272 1.153846
12/part/421 -1 0.202941 -0.064706 0.814706 0.870588
12/part/422 -1 0.091195 -0.025157 0.745283 0.974843
12/part/423 -1 0.108491 -0.122642 1.089623 1.377358
12/part/424 -1 0.261628 0.075581 0.889535 1.029070
12/part/425 -1 0.143678 0.189655 0.764368 1.132184
12/part/426 -1 -0.228261 -0.206522 0.945652 1.576087
12/part/427 -1 -0.050725 -0.108696 0.731884 1.079710
12/part/428 -1 0.303922 0.093137 0.833333 0.897059
12/part/429 -1 0.156250 0.018750 0.831250 1.043750
12/part/430 -1 0.310000 0.125000 0.850000 0.945000
12/part/431 -1 0.181319 -0.071429 0.774725 0.829670
12/part/432 -1 -0.054348 -0.641304 1.119565 1.141304
12/part/433 -1 -0.052239 -0.126866 0.753731 1.097015
12/part/434 -1 -0.084906 -0.292453 0.933962 1.254717
12/part/435 -1 0.225275 -0.093407 0.818681 0.807692
12/part/436 -1 -0.033333 -0.122222 1.166667 1.700000
12/part/437 -1 -0.125000 -0.009615 0.913462 1.567308
12/part/438 -1 -0.035714 0.064286 0.735714 1.235714
12/part/439 -1 0.310000 0.175000 0.850000 0.995000
12/part/440 -1 -0.127451 -0.166667 0.931373 1.441176
12/part/441 -1 0.279412 0.196078 0.808824 1.000000
12/part/442 -1 0.201613 0.040323 1.072581 1.362903
12/part/443 -1 0.184932 0.130137 0.924658 1.253425
12/part/444 -1 0.300000 0.041176 0.935294 1.005882
12/part/445 -1 0.034247 -0.280822 0.773973 0.842466
12/part/446 -1 -0.035714 -0.250000 0.735714 0.921429
12/part/447 -1 0.160377 -0.047170 1.179245 1.500000
12/part/448 -1 0.306452 -0.080645 0.887097 0.801075
12/part/449 -1 0.301980 -0.044554 0.836634 0.767327
12/part/450 -1 -0.127451 -0.539216 0.931373 1.068627
12/part/451 -1 0.238462 -0.330769 1.069231 0.930769
12/part/452 -1 0.045455 -0.009091 1.027273 1.481818
12/part/453 -1 -0.044643 -0.044643 0.919643 1.419643
12/part/454 -1 0.103659 0.067073 0.762195 1.067073
12/part/455 -1 -0.037879 0.053030 0.780303 1.295455
12/part/456 -1 0.212644 0.189655 0.833333 1.132184
12/part/457 -1 0.056250 0.181250 0.731250 1.206250
12/part/458 -1 0.118750 0.018750 0.793750 1.043750
12/part/459 -1 0.123188 0.036232 0.905797 1.224638
12/part/460 -1 0.139175 0.087629 0.695876 0.932990
12/part/461 -1 0.194737 0.100000 0.763158 0.963158
12/part/462 -1 0.186747 0.150602 0.837349 1.138554
12/part/463 -1 0.225000 -0.075000 1.125000 1.291667
12/part/464 -1 0.159794 -0.005155 0.716495 0.840206
12/part/465 -1 0.313131 0.025253 0.858586 0.853535
12/part/466 -1 0.140449 -0.016854 0.747191 0.904494
12/part/467 -1 0.262911 0.056338 0.737089 0.924883
12/part/468 -1 -0.178947 -0.600000 0.884211 1.347368
12/part/469 -1 0.292208 -0.103896 0.948052 1.097403
12/part/470 -1 0.062112 0.086957 0.689441 1.236025
12/part/471 -1 0.128655 -0.076023 0.719298 1.005848
12/part/472 -1 0.053571 0.000000 0.955357 1.651786
12/part/473 -1 0.290155 0.155440 0.813472 1.113990
12/part/474 -1 0.145251 0.039106 0.709497 1.072626
12/part/475 -1 0.215311 0.124402 0.698565 1.009569
12/part/476 -1 0.126506 -0.120482 0.734940 0.993976
12/part/477 -1 0.153846 0.138462 0.671795 1.087179
12/part/478 -1 0.198980 -0.035714 0.714286 0.908163
12/part/479 -1 0.025862 -0.456897 0.896552 1.137931
12/part/480 -1 -0.020833 -0.385417 1.031250 1.541667
12/part/481 -1 0.268657 0.114428 0.771144 1.034826
12/part/482 -1 0.077922 -0.305195 0.733766 0.896104
12/part/483 -1 0.041237 -0.247423 1.082474 1.659794
12/part/484 -1 0.176101 0.037736 0.811321 1.201258
12/part/485 -1 0.275281 0.089888 0.842697 1.129213
12/part/486 -1 0.069231 -0.423077 0.846154 1.000000
12/part/487 -1 0.186170 0.069149 0.723404 1.053191
12/part/488 -1 0.322581 0.123656 0.865591 1.118280
12/part/489 -1 0.203540 -0.203540 1.097345 1.433628
12/part/490 -1 0.238579 -0.096447 0.751269 0.842640
12/part/491 -1 0.109195 -0.201149 0.689655 0.862069
12/part/492 -1 0.218543 -0.357616 0.887417 0.867550
12/part/493 -1 -0.022727 -0.136364 0.742424 1.265152
12/part/494 -1 0.147887 -0.035211 0.859155 1.267606
12/part/495 -1 0.291429 -0.091429 0.868571 0.965714
12/part/496 -1 0.244444 -0.325926 0.992593 1.044444
12/part/497 -1 0.178771 0.150838 0.743017 1.184358
12/part/498 -1 0.335052 -0.025773 0.855670 0.927835
12/part/499 -1 0.127389 0.108280 0.770701 1.286624
12/part/500 -1 -0.029412 -0.637255 0.960784 1.176471
12/part/501 -1 0.173077 -0.320513 0.820513 0.865385
12/part/502 -1 0.162562 0.083744 0.660099 0.995074
12/part/503 -1 -0.016393 -0.286885 0.811475 1.229508
12/part/504 -1 0.295082 0.076503 0.846995 1.087432
12/part/505 -1 0.292135 -0.022472 0.859551 1.016854
12/part/506 -1 0.111111 0.000000 0.974359 1.581197
12/part/507 -1 0.313131 0.035354 0.823232 0.969697
12/part/508 -1 0.297030 0.143564 0.797030 1.059406
12/part/509 -1 0.028986 0.043478 0.760870 1.384058
12/part/510 -1 0.213873 0.034682 0.797688 1.104046
12/part/511 -1 0.256944 -0.034722 0.958333 1.250000
12/part/512 -1 0.248521 0.147929 0.928994 1.124260
12/part/513 -1 -0.130435 -0.065217 1.119565 1.728261
12/part/514 -1 -0.086207 0.008621 0.905172 1.431034
12/part/515 -1 0.221591 0.164773 0.875000 1.102273
12/part/516 -1 0.123529 0.041176 0.800000 1.011765
12/part/517 -1 -0.042105 -0.200000 1.168421 1.536842
12/part/518 -1 0.062147 -0.067797 0.711864 0.864407
12/part/519 -1 0.192547 0.186335 0.906832 1.211180
12/part/520 -1 0.226277 0.014599 1.065693 1.218978
12/part/521 -1 -0.029630 0.059259 0.822222 1.281481
12/part/522 -1 -0.133333 -0.333333 0.961905 1.238095
12/part/523 -1 0.192308 0.102564 0.929487 1.160256
12/part/524 -1 0.122137 0.061069 1.000000 1.320611
12/part/525 -1 -0.270000 -0.200000 0.880000 1.450000
12/part/526 -1 -0.097826 -0.239130 1.152174 1.554348
12/part/527 -1 0.206349 0.047619 0.814815 0.920635
12/part/528 -1 -0.077670 -0.281553 1.038835 1.320388
12/part/529 -1 0.242775 -0.144509 0.907514 0.809249
12/part/530 -1 0.186170 -0.047872 0.797872 0.829787
12/part/531 -1 0.284946 0.075269 0.903226 0.962366
12/part/532 -1 -0.097087 -0.262136 1.019417 1.339806
12/part/533 -1 0.181818 -0.251748 0.986014 0.902098
12/part/534 -1 0.273632 0.203980 0.845771 1.024876
12/part/535 -1 0.135417 0.098958 0.734375 0.958333
12/part/536 -1 0.270000 -0.050000 0.845000 0.775000
12/part/537 -1 -0.222222 -0.370370 0.842593 1.157407
12/part/538 -1 -0.070312 -0.281250 0.828125 1.007812
12/part/539 -1 0.253807 0.131980 0.837563 0.969543
12/part/540 -1 -0.247525 -0.029703 0.891089 1.603960
12/part/541 -1 -0.130435 -0.108696 1.119565 1.684783
12/part/542 -1 0.160377 -0.094340 1.245283 1.462264
12/part/543 -1 0.115702 -0.338843 1.066116 1.024793
12/part/544 -1 0.154930 -0.302817 0.964789 0.859155
12/part/545 -1 0.000000 -0.312057 0.815603 0.858156
12/part/546 -1 0.123762 -0.014851 0.693069 0.801980
12/part/547 -1 0.257282 0.000000 0.815534 0.800971
12/part/548 -1 0.147727 -0.022727 0.801136 0.914773
12/part/549 -1 -0.292929 -0.383838 0.868687 1.282828
12/part/550 -1 -0.290323 -0.344086 0.946237 1.430108
12/part/551 -1 0.222798 0.020725 0.818653 0.875648
12/part/552 -1 -0.027027 -0.209459 0.750000 0.905405
12/part/553 -1 0.138614 0.029703 0.707921 0.846535
12/part/554 -1 -0.106796 -0.398058 1.009709 1.203883
12/part/555 -1 0.244828 0.106897 0.975862 1.058621
12/part/556 -1 -0.116822 -0.322430 0.873832 0.967290
12/part/557 -1 0.299419 0.113372 0.915698 0.915698
12/part/558 -1 0.004000 -0.220000 0.852000 0.884000
12/part/559 -1 0.195035 -0.102837 0.946809 0.875887
12/part/560 -1 0.056291 0.089404 0.758278 1.003311
12/part/561 -1 0.269231 -0.094406 1.010490 0.870629
12/part/562 -1 0.069277 0.057229 0.707831 0.888554
12/part/563 -1 -0.232955 0.017045 0.971591 1.585227
12/part/564 -1 -0.113445 -0.138655 0.777311 1.021008
12/part/565 -1 0.028090 -0.432584 1.219101 1.117978
12/part/566 -1 0.292169 0.039157 0.930723 0.870482
12/part/567 -1 0.210345 -0.120690 0.941379 0.831034
12/part/568 -1 0.266467 0.056886 0.901198 0.883234
12/part/569 -1 0.126471 0.091176 0.750000 0.902941
12/part/570 -1 -0.239796 -0.076531 0.841837 1.331633
12/part/571 -1 -0.092391 -0.527174 1.059783 0.972826
12/part/572 -1 0.251515 -0.063636 0.893939 0.772727
12/part/573 -1 0.231707 -0.101626 1.093496 1.020325
12/part/574 -1 0.286184 0.134868 0.983553 1.042763
12/part/575 -1 -0.156977 -0.366279 1.075581 1.238372
12/part/576 -1 -0.010638 0.145390 0.741135 1.124113
12/part/577 -1 0.168874 0.208609 0.870861 1.122517
12/part/578 -1 0.056667 0.150000 0.763333 1.070000
12/part/579 -1 0.088028 0.200704 0.834507 1.172535
12/part/580 -1 0.211806 0.093750 0.947917 1.052083
12/part/581 -1 0.176692 -0.146617 0.973684 0.890977
12/part/582 -1 0.201807 0.123494 0.840361 0.954819
12/part/583 -1 -0.049618 -0.217557 0.759542 0.835878
12/part/584 -1 -0.135965 0.039474 0.793860 1.250000
12/part/585 -1 0.224551 -0.014970 0.859281 0.811377
12/part/586 -1 0.029167 -0.287500 0.912500 0.862500
12/part/587 -1 -0.301136 -0.176136 0.903409 1.392045
12/part/588 -1 0.108247 -0.139175 1.201031 1.283505
12/part/589 -1 0.190058 -0.038012 0.809942 0.769006
12/part/590 -1 0.296407 0.062874 0.931138 0.889222
12/part/591 -1 0.054167 0.120833 0.937500 1.270833
12/part/592 -1 0.175862 0.100000 0.906897 1.051724
12/part/593 -1 0.016393 -0.549180 1.049180 1.090164
12/part/594 -1 -0.118644 -0.313559 0.949153 1.381356
12/part/595 -1 0.092308 -0.330769 1.061538 1.207692
12/part/596 -1 0.166667 -0.291667 0.916667 0.898810
12/part/597 -1 0.307692 0.149038 0.913462 1.110577
12/part/598 -1 -0.024691 -0.179012 0.753086 1.055556
12/part/599 -1 0.241379 -0.073276 0.784483 0.788793
12/part/600 -1 0.250000 0.081897 0.793103 0.943966
12/part/601 -1 0.221239 0.163717 0.778761 1.048673
12/part/602 -1 -0.040541 -0.155405 0.810811 1.195946
12/part/603 -1 0.083333 -0.108333 1.133333 1.558333
12/part/604 -1 0.240741 -0.060185 0.824074 0.865741
12/part/605 -1 0.150685 -0.239726 1.013699 1.130137
12/part/606 -1 0.146789 -0.059633 0.724771 0.857798
12/part/607 -1 0.217822 -0.183168 0.841584 0.806931
12/part/608 -1 0.228571 0.004762 0.828571 0.957143
12/part/609 -1 0.107143 -0.205357 1.232143 1.580357
12/part/610 -1 0.105882 -0.276471 0.847059 0.900000
12/part/611 -1 0.153846 -0.139423 0.759615 0.822115
12/part/612 -1 0.091954 -0.178161 0.816092 0.971264
12/part/613 -1 0.086957 -0.179348 0.771739 0.907609
12/part/614 -1 0.111111 -0.611111 1.111111 0.976190
12/part/615 -1 0.121212 -0.265152 1.075758 1.250000
12/part/616 -1 0.189873 -0.373418 0.987342 0.892405
12/part/617 -1 0.076087 -0.146739 0.760870 0.940217
12/part/618 -1 0.290323 0.068548 0.798387 0.875000
12/part/619 -1 0.272727 -0.122727 0.845455 0.786364
12/part/620 -1 0.157407 -0.143519 0.740741 0.782407
12/part/621 -1 -0.031250 -0.023438 0.953125 1.539062
12/part/622 -1 0.176991 0.190265 0.734513 1.075221
12/part/623 -1 0.044444 -0.250000 0.744444 0.861111
12/part/624 -1 0.053763 -0.145161 0.731183 0.930108
12/part/625 -1 -0.012346 0.043210 0.765432 1.277778
12/part/626 -1 0.140351 -0.710526 1.245614 1.043860
12/part/627 -1 0.227642 0.028455 0.739837 0.841463
12/part/628 -1 0.210084 0.004202 0.739496 0.844538
12/part/629 -1 0.311927 0.188073 0.889908 1.105505
12/part/630 -1 0.235294 0.180672 0.764706 1.021008
12/part/631 -1 0.243902 -0.213415 1.012195 1.006098
12/part/632 -1 -0.072727 -0.627273 1.072727 1.190909
12/part/633 -1 0.250000 -0.031250 1.037500 1.218750
12/part/634 -1 0.125000 0.120536 0.687500 1.013393
12/part/635 -1 0.303279 0.045082 0.819672 0.864754
12/part/636 -1 0.264463 -0.045455 0.785124 0.780992
12/part/637 -1 -0.145570 -0.075949 1.044304 1.632911
12/part/638 -1 -0.158228 -0.126582 1.031646 1.582278
12/part/639 -1 0.077381 -0.309524 1.196429 1.297619
12/part/640 -1 0.282609 0.012422 0.866460 0.850932
12/part/641 -1 0.292763 -0.118421 0.911184 0.769737
12/part/642 -1 -0.134615 -0.141026 1.070513 1.589744
12/part/643 -1 0.141447 0.052632 0.759868 0.940789
12/part/644 -1 -0.099057 0.047170 0.787736 1.320755
12/part/645 -1 0.112121 0.048485 0.681818 0.866667
12/part/646 -1 0.216912 -0.102941 0.908088 0.889706
12/part/647 -1 -0.045455 0.066116 0.731405 1.181818
12/part/648 -1 -0.185393 -0.483146 0.870787 1.033708
12/part/649 -1 0.128289 0.032895 0.746711 0.921053
12/part/650 -1 0.093750 -0.375000 1.268750 1.312500
12/part/651 -1 0.155303 0.060606 0.867424 1.083333
12/part/652 -1 0.259146 0.048780 0.832317 0.871951
12/part/653 -1 0.234375 -0.087500 0.821875 0.756250
12/part/654 -1 -0.188312 -0.246753 1.032468 1.506494
12/part/655 -1 0.053191 -0.134752 0.719858 0.822695
12/part/656 -1 -0.082524 -0.203883 0.830097 1.106796
12/part/657 -1 -0.132911 -0.215190 1.056962 1.493671
12/part/658 -1 -0.164474 -0.078947 1.072368 1.697368
12/part/659 -1 0.180473 0.047337 0.736686 0.846154
12/part/660 -1 0.158784 0.027027 0.793919 0.939189
12/part/661 -1 0.076000 0.064000 0.828000 1.144000
12/part/662 -1 0.238562 0.052288 0.852941 0.934641
12/part/663 -1 -0.132979 -0.244681 0.867021 1.191489
12/part/664 -1 -0.061798 -0.224719 0.994382 1.292135
12/part/665 -1 -0.085586 -0.180180 0.761261 1.036036
12/part/666 -1 0.114198 0.049383 0.694444 0.882716
12/part/667 -1 -0.004425 -0.327434 0.827434 0.867257
12/part/668 -1 -0.253086 -0.419753 0.907407 1.246914
12/part/669 -1 0.133136 0.047337 0.689349 0.846154
12/part/670 -1 0.120130 0.051948 0.730519 0.928571
12/part/671 -1 0.277439 0.048780 0.850610 0.871951
12/part/672 -1 0.088816 -0.118421 0.707237 0.769737
12/part/673 -1 0.172269 -0.277311 0.962185 0.857143
12/part/674 -1 0.168712 -0.018405 0.745399 0.809816
12/part/675 -1 0.133929 -0.023810 0.693452 0.779762
12/part/676 -1 0.088415 0.225610 0.832317 1.134146
12/part/677 -1 0.060748 -0.261682 1.200935 1.130841
12/part/678 -1 -0.118321 0.099237 0.812977 1.236641
12/part/679 -1 -0.195833 -0.366667 0.820833 0.875000
12/part/680 -1 0.207237 -0.184211 1.009868 0.796053
12/part/681 -1 -0.240196 -0.019608 0.955882 1.441176
12/part/682 -1 -0.195455 -0.218182 0.913636 1.136364
12/part/683 -1 -0.206422 -0.091743 0.912844 1.275229
12/part/684 -1 0.181564 -0.044693 0.863128 0.787709
12/part/685 -1 0.004464 0.098214 1.093750 1.428571
12/part/686 -1 0.144068 0.011299 0.833333 0.853107
12/part/687 -1 0.113889 -0.061111 0.791667 0.766667
12/part/688 -1 -0.004902 -0.225490 1.191176 1.235294
12/part/689 -1 -0.045000 -0.450000 1.175000 1.040000
12/part/690 -1 0.162281 -0.280702 1.232456 1.026316
12/part/691 -1 0.248466 -0.042945 0.996933 0.871166
12/part/692 -1 0.085859 0.010101 1.318182 1.515152
12/part/693 -1 -0.110656 0.073770 0.889344 1.295082
12/part/694 -1 -0.172566 -0.070796 0.907080 1.247788
12/part/695 -1 0.146409 -0.005525 0.820442 0.817680
12/part/696 -1 0.056122 -0.295918 1.301020 1.224490
12/part/697 -1 0.226257 0.201117 0.907821 1.033520
12/part/698 -1 0.088235 -0.042781 0.740642 0.754011
12/part/699 -1 -0.308824 -0.107843 0.887255 1.352941
12/part/700 -1 0.274096 0.072289 1.009036 0.969880
12/part/701 -1 0.200787 -0.204724 1.161417 0.968504
12/part/702 -1 -0.151961 -0.450980 1.044118 1.009804
12/part/703 -1 0.087571 0.107345 0.776836 0.949153
12/part/704 -1 -0.116000 0.032000 0.860000 1.224000
12/part/705 -1 0.024272 -0.320388 1.208738 1.126214
12/part/706 -1 -0.072816 -0.349515 1.111650 1.097087
12/part/707 -1 0.068306 -0.027322 0.734973 0.786885
12/part/708 -1 0.014423 -0.115385 1.187500 1.317308
12/part/709 -1 0.169643 0.214286 0.895833 1.101190
12/part/710 -1 -0.078534 -0.549738 1.162304 0.973822
12/part/711 -1 0.242775 0.078035 0.927746 0.919075
12/part/712 -1 -0.087719 -0.390351 0.951754 0.885965
12/part/713 -1 0.083969 -0.274809 0.988550 0.835878
12/part/714 -1 -0.243781 -0.099502 0.935323 1.348259
12/part/715 -1 0.195965 0.077810 0.878963 0.916427
12/part/716 -1 0.055363 -0.200692 0.875433 0.806228
12/part/717 -1 0.227811 0.079882 0.928994 0.940828
12/part/718 -1 0.214076 0.079179 0.909091 0.932551
12/part/719 -1 0.130802 -0.261603 1.130802 0.966245
12/part/720 -1 0.100840 -0.327731 1.096639 0.894958
12/part/721 -1 -0.101961 -0.227451 0.827451 0.913725
12/part/722 -1 0.120000 -0.364444 1.173333 0.928889
12/part/723 -1 0.070336 0.082569 0.795107 0.972477
12/part/724 -1 -0.121359 -0.087379 1.029126 1.325243
12/part/725 -1 0.139394 0.081818 0.857576 0.963636
12/part/726 -1 -0.060302 -0.201005 1.130653 1.261307
12/part/727 -1 -0.229075 -0.105727 0.814978 1.176211
12/part/728 -1 0.227273 -0.253788 1.125000 0.848485
12/part/729 -1 0.171946 0.022624 1.244344 1.339367
12/part/730 -1 0.061350 0.009202 0.788344 0.901840
12/part/731 -1 0.066465 0.081571 0.782477 0.960725
12/part/732 -1 0.262136 0.087379 1.029126 1.029126
12/part/733 -1 -0.160173 0.004329 0.865801 1.264069
12/part/734 -1 0.205556 0.075000 0.863889 0.883333
12/part/735 -1 -0.009231 0.083077 0.720000 0.978462
12/part/736 -1 -0.162393 -0.008547 0.850427 1.235043
12/part/737 -1 -0.166667 -0.306306 0.900901 1.004505
12/part/738 -1 -0.059701 -0.220149 0.824627 0.865672
12/part/739 -1 0.112150 0.112150 0.859813 1.074766
12/part/740 -1 -0.151316 -0.289474 0.901316 1.065789
12/part/741 -1 -0.004545 -0.063636 0.722727 0.872727
12/part/742 -1 -0.215278 -0.291667 0.895833 1.138889
12/part/743 -1 0.046218 0.168067 0.718487 1.033613
12/part/744 -1 0.096000 0.072000 0.736000 0.896000
12/part/745 -1 0.095238 0.222222 0.730159 1.039683
12/part/746 -1 0.117647 -0.166667 0.901961 0.843137
12/part/747 -1 0.120000 0.140000 0.920000 1.170000
12/part/748 -1 0.063218 0.126437 0.982759 1.310345
12/part/749 -1 0.138158 -0.039474 1.190789 1.315789
12/part/750 -1 -0.016854 -0.258427 0.882022 0.898876
12/part/751 -1 -0.095506 -0.202247 0.803371 0.955056
12/part/752 -1 0.096000 0.112000 0.736000 0.936000
12/part/753 -1 0.102564 0.222222 0.786325 1.102564
12/part/754 -1 0.117188 -0.484375 1.367188 1.125000
12/part/755 -1 0.113208 -0.132075 0.867925 0.839623
12/part/756 -1 -0.076389 -0.430556 1.034722 1.000000
12/part/757 -1 0.110092 0.201835 0.844037 1.146789
12/part/758 -1 0.105263 0.192982 0.807018 1.096491
12/part/759 -1 0.141176 -0.258824 1.082353 0.952941
12/part/760 -1 0.100000 0.075000 0.766667 0.933333
12/part/761 -1 -0.246479 -0.352113 0.880282 1.098592
12/part/762 -1 0.099174 0.066116 0.760331 0.917355
12/part/763 -1 0.093750 -0.046875 0.718750 0.757812
12/part/764 -1 0.144578 -0.060241 1.108434 1.180723
12/part/765 -1 -0.004854 -0.155340 0.771845 0.844660
12/part/766 -1 0.091398 -0.236559 0.951613 0.870968
12/part/767 -1 -0.046053 -0.407895 1.006579 0.947368
12/part/768 -1 0.098361 -0.065574 0.754098 0.778689
12/part/769 -1 0.077381 -0.333333 1.029762 0.892857
12/part/770 -1 0.096000 -0.064000 0.736000 0.760000
12/part/771 -1 0.162162 -0.067568 1.243243 1.324324
12/part/772 -1 -0.153333 -0.426667 0.913333 0.946667
12/part/773 -1 0.077465 -0.281690 1.204225 1.169014
12/part/774 -1 0.094488 0.149606 0.724409 0.960630
12/part/775 -1 0.020833 -0.263889 1.131944 1.166667
12/part/776 -1 0.005051 0.161616 0.813131 1.202020
12/part/777 -1 -0.104762 0.076190 0.838095 1.114286
12/part/778 -1 0.211009 -0.128440 1.119266 0.871560
12/part/779 -1 0.076923 0.123077 0.838462 0.961538
12/part/780 -1 0.143939 0.212121 0.893939 1.037879
12/part/781 -1 0.142857 0.104762 1.085714 1.142857
12/part/782 -1 0.240602 0.150376 0.984962 0.969925
12/part/783 -1 0.190840 0.068702 0.946565 0.900763
12/part/784 -1 0.007874 0.220472 0.787402 1.078740
12/part/785 -1 -0.178947 -0.294737 0.863158 0.852632
12/part/786 -1 0.007692 0.084615 0.769231 0.923077
12/part/787 -1 0.214286 0.116071 1.098214 1.089286
12/part/788 -1 -0.337500 -0.225000 0.900000 1.137500
12/part/789 -1 0.038168 -0.045802 0.793893 0.786260
12/part/790 -1 0.024390 -0.317073 1.231707 1.012195
12/part/791 -1 -0.103774 0.160377 0.830189 1.188679
12/part/792 -1 0.119565 0.021739 1.195652 1.206522
12/part/793 -1 -0.114583 0.104167 0.916667 1.239583
12/part/794 -1 -0.060976 -0.060976 1.146341 1.268293
12/part/795 -1 -0.165049 0.009709 0.796117 1.067961
12/part/796 -1 -0.031496 -0.070866 0.748031 0.787402
12/part/797 -1 0.172043 0.096774 1.236559 1.268817
12/part/798 -1 0.155039 0.170543 0.922481 1.015504
12/part/799 -1 0.142857 -0.228571 1.085714 0.809524
12/part/800 -1 -0.263736 -0.087912 0.824176 1.109890
12/part/801 -1 -0.271605 0.012346 0.950617 1.358025
12/part/802 -1 0.190476 -0.068027 0.877551 0.877551
12/part/803 -1 0.036145 -0.445783 1.253012 1.228916
12/part/804 -1 0.213675 -0.256410 1.076923 0.931624
12/part/805 -1 -0.095238 -0.250000 1.107143 1.404762
12/part/806 -1 -0.012048 -0.421687 1.204819 1.253012
12/part/807 -1 0.260116 0.080925 0.843931 0.884393
12/part/808 -1 0.240506 0.044304 0.879747 0.924051
12/part/809 -1 0.135294 0.076471 0.729412 0.894118
12/part/810 -1 0.233533 0.233533 0.838323 1.065868
12/part/811 -1 0.047297 0.047297 0.729730 0.986486
12/part/812 -1 0.264151 0.201258 0.899371 1.075472
12/part/813 -1 0.208955 -0.194030 0.962687 0.843284
12/part/814 -1 0.028169 -0.140845 0.739437 0.838028
12/part/815 -1 0.022989 -0.034483 1.183908 1.563218
12/part/816 -1 0.129252 0.081633 0.816327 1.027211
12/part/817 -1 0.311765 0.147059 0.905882 0.964706
12/part/818 -1 0.089888 -0.146067 1.224719 1.415730
12/part/819 -1 0.216216 -0.243243 1.126126 1.009009
12/part/820 -1 -0.082353 -0.035294 1.105882 1.600000
12/part/821 -1 -0.060241 -0.481928 1.156627 1.192771
12/part/822 -1 0.045455 0.129870 0.701299 1.032468
12/part/823 -1 0.192308 -0.432692 1.163462 0.903846
12/part/824 -1 -0.040984 -0.204918 0.786885 0.934426
12/part/825 -1 0.079268 0.091463 0.695122 0.939024
12/part/826 -1 0.022901 -0.145038 0.793893 0.916031
12/part/827 -1 0.222222 0.006173 0.845679 0.864198
12/part/828 -1 0.053691 -0.080537 0.731544 0.852349
12/part/829 -1 0.042254 -0.105634 0.753521 0.873239
12/part/830 -1 -0.233333 -0.400000 0.888889 1.144444
12/part/831 -1 0.222222 0.040936 0.812865 0.853801
12/part/832 -1 -0.174419 -0.558140 1.000000 1.058140
12/part/833 -1 -0.034884 -0.360465 1.139535 1.255814
12/part/834 -1 0.111111 -0.314815 1.046296 0.972222
12/part/835 -1 -0.204082 -0.204082 0.826531 1.214286
12/part/836 -1 0.155340 -0.029126 1.135922 1.320388
12/part/837 -1 0.036585 -0.195122 1.268293 1.500000
12/part/838 -1 0.146853 -0.125874 0.853147 0.846154
12/part/839 -1 0.039474 0.078947 0.703947 0.993421
12/part/840 -1 0.062500 -0.111111 0.763889 0.854167
12/part/841 -1 0.034483 -0.344828 1.195402 1.252874
12/part/842 -1 0.072165 -0.309278 1.113402 1.123711
12/part/843 -1 0.084848 0.133333 0.696970 0.975758
12/part/844 -1 -0.095238 0.059524 0.785714 0.805556
12/part/845 -1 0.124031 0.143411 0.984496 0.872093
12/part/846 -1 0.232558 0.112403 1.093023 0.841085
12/part/847 -1 0.131579 -0.030702 1.105263 0.793860
12/part/848 -1 0.231884 0.278986 1.036232 0.960145
12/part/849 -1 -0.176991 0.154867 0.805310 0.986726
12/part/850 -1 -0.500000 -0.217105 0.960526 1.019737
12/part/851 -1 0.232558 0.135659 1.093023 0.864341
12/part/852 -1 -0.007353 0.158088 0.808824 0.849265
12/part/853 -1 0.012658 -0.031646 1.417722 1.158228
12/part/854 -1 -0.137500 0.143750 1.250000 1.318750
12/part/855 -1 -0.030769 0.088462 0.823077 0.811538
12/part/856 -1 -0.109756 -0.054878 1.243902 1.091463
12/part/857 -1 -0.168675 0.102410 1.168675 1.234940
12/part/858 -1 0.171875 0.082031 1.039062 0.816406
12/part/859 -1 -0.030534 0.133588 0.816794 0.851145
12/part/860 -1 0.015504 0.213178 0.875969 0.941860
12/part/861 -1 -0.197368 0.111842 1.263158 1.348684
12/part/862 -1 -0.015038 0.251880 0.819549 0.958647
12/part/863 -1 0.070707 0.207071 1.191919 1.156566
12/part/864 -1 0.054545 -0.086364 1.063636 0.768182
12/part/865 -1 0.233083 0.086466 1.067669 0.793233
12/part/866 -1 -0.010638 -0.196809 1.170213 0.803191
12/part/867 -1 -0.112500 -0.168750 1.275000 1.006250
12/part/868 -1 0.159420 0.293478 0.963768 0.974638
12/part/869 -1 -0.096774 -0.166667 1.096774 0.844086
12/part/870 -1 -0.077922 0.058442 1.363636 1.279221
12/part/871 -1 -0.076923 -0.314103 1.346154 0.891026
12/part/872 -1 -0.276316 -0.269737 1.184211 0.967105
12/part/873 -1 -0.170455 0.107955 1.090909 1.176136
12/part/874 -1 0.076190 -0.119048 1.133333 0.776190
12/part/875 -1 0.201439 0.111511 1.000000 0.787770
12/part/876 -1 -0.153846 -0.121795 1.269231 1.083333
12/part/877 -1 -0.045977 -0.201149 1.229885 0.879310
12/part/878 -1 0.114286 -0.033333 1.171429 0.861905
12/part/879 -1 -0.228261 0.179348 0.978261 1.201087
12/part/880 -1 0.005814 -0.191860 1.145349 1.226744
12/part/881 -1 0.131818 -0.222727 1.022727 0.886364
12/part/882 -1 0.075893 -0.254464 0.950893 0.834821
12/part/883 -1 0.166667 0.225490 0.807190 1.022876
12/part/884 -1 -0.072115 -0.283654 0.870192 0.889423
12/part/885 -1 0.167857 -0.046429 0.867857 0.825000
12/part/886 -1 0.231707 -0.117886 1.028455 0.873984
12/part/887 -1 0.090426 0.037234 1.132979 1.335106
12/part/888 -1 0.025547 0.010949 0.740876 0.901460
12/part/889 -1 0.185000 0.105000 1.165000 1.325000
12/part/890 -1 0.070470 0.218121 0.728188 1.036913
12/part/891 -1 -0.064655 0.064655 0.780172 1.116379
12/part/892 -1 -0.129808 0.110577 0.812500 1.283654
12/part/893 -1 0.179577 0.193662 0.869718 1.052817
12/part/894 -1 -0.031250 -0.056250 1.193750 1.468750
12/part/895 -1 0.271127 0.144366 0.961268 1.003521
12/part/896 -1 0.056291 0.248344 0.705298 1.056291
12/part/897 -1 -0.241176 -0.123529 0.911765 1.311765
12/part/898 -1 0.143478 -0.239130 0.995652 0.821739
12/part/899 -1 0.087413 0.045455 0.772727 0.898601
12/part/900 -1 0.152482 -0.003546 0.847518 0.861702
12/part/901 -1 0.091912 0.040441 0.812500 0.937500
12/part/902 -1 0.104317 0.140288 0.809353 1.017986
12/part/903 -1 0.067376 0.081560 0.762411 0.946809
12/part/904 -1 0.090361 0.030120 1.271084 1.500000
12/part/905 -1 0.100000 -0.024138 0.775862 0.817241
12/part/906 -1 0.100000 -0.015789 1.131579 1.268421
12/part/907 -1 0.151639 -0.118852 0.954918 0.881148
12/part/908 -1 0.029167 -0.179167 0.845833 0.837500
12/part/909 -1 0.152632 -0.363158 1.184211 0.921053
12/part/910 -1 -0.186747 -0.439759 0.993976 1.030120
12/part/911 -1 0.199153 0.114407 1.029661 1.148305
12/part/912 -1 -0.155172 -0.339080 0.971264 1.063218
12/part/913 -1 0.044715 0.134146 0.841463 1.126016
12/part/914 -1 0.162037 0.115741 1.069444 1.245370
12/part/915 -1 0.049618 0.179389 0.797710 1.110687
12/part/916 -1 0.138298 -0.050532 0.781915 0.981383
12/part/917 -1 0.205882 0.006303 0.714286 0.821429
12/part/918 -1 0.126984 -0.119048 0.767196 0.907407
12/part/919 -1 -0.146552 -0.271552 0.896552 1.400862
12/part/920 -1 -0.070866 -0.311024 0.881890 1.216535
12/part/921 -1 0.099174 -0.194215 1.099174 1.409091
12/part/922 -1 0.064327 -0.260234 0.771930 0.874269
12/part/923 -1 0.086207 -0.186782 0.781609 0.928161
12/part/924 -1 0.123967 -0.450413 1.123967 1.152893
12/part/925 -1 0.194245 -0.097122 1.064748 1.298561
12/part/926 -1 0.130841 0.137850 0.696262 1.044393
12/part/927 -1 0.183333 0.152778 0.855556 1.230556
12/part/928 -1 0.100719 -0.089928 0.971223 1.305755
12/part/929 -1 -0.044248 -0.703540 1.026549 1.013274
12/part/930 -1 0.182648 0.038813 0.735160 0.924658
12/part/931 -1 0.190751 -0.210983 0.890173 0.910405
12/part/932 -1 0.188976 -0.444882 1.141732 1.082677
12/part/933 -1 0.238095 0.037415 1.061224 1.357143
12/part/934 -1 -0.131579 -0.390351 0.929825 1.311404
12/part/935 -1 0.236715 0.050725 0.821256 0.987923
12/part/936 -1 0.017857 -0.129464 1.098214 1.602679
12/part/937 -1 0.079137 -0.284173 0.949640 1.111511
12/part/938 -1 0.239437 -0.242958 1.091549 1.123239
12/part/939 -1 0.205263 0.002632 0.842105 1.023684
12/part/940 -1 0.237864 0.060680 0.825243 1.002427
12/part/941 -1 0.216783 -0.248252 1.062937 1.108392
12/part/942 -1 0.073770 -0.479508 1.065574 1.110656
12/part/943 -1 0.120219 -0.155738 0.781421 0.904372
12/part/944 -1 0.206751 0.170886 0.717300 0.989451
12/part/945 -1 0.136564 0.174009 0.669604 1.028634
12/part/946 -1 0.194313 0.030806 0.767773 0.950237
12/part/947 -1 0.247475 -0.138889 0.858586 0.840909
12/part/948 -1 0.132948 -0.101156 0.832370 1.020231
12/part/949 -1 0.242574 -0.051980 0.841584 0.908416
12/part/950 -1 0.241379 0.155172 0.837438 1.110837
12/part/951 -1 -0.153846 -0.551282 0.880342 1.106838
12/part/952 -1 0.234450 0.093301 0.813397 1.021531
12/part/953 -1 0.180851 -0.204787 0.824468 0.827128
12/part/954 -1 0.229412 -0.179412 0.941176 0.961765
12/part/955 -1 0.179310 -0.258621 1.013793 1.079310
12/part/956 -1 0.020000 0.030000 0.826667 1.323333
12/part/957 -1 0.203320 0.130705 0.705394 0.935685
12/part/958 -1 0.211207 0.135776 0.732759 0.971983
12/part/959 -1 -0.088235 -0.789216 1.098039 1.112745
12/part/960 -1 0.165049 0.084951 0.752427 1.026699
12/part/961 -1 0.195000 0.212500 1.100000 1.082500
12/part/962 -1 -0.208092 -0.141618 0.838150 0.864162
12/part/963 -1 0.000000 0.242081 0.819005 1.029412
12/part/964 -1 0.064039 -0.081281 0.955665 0.775862
12/part/965 -1 0.052863 0.129956 0.850220 0.896476
12/part/966 -1 0.125000 0.042763 1.315789 1.187500
12/part/967 -1 -0.264151 -0.103774 0.874214 0.990566
12/part/968 -1 -0.150259 0.189119 0.787565 1.090674
12/part/969 -1 0.173333 0.206667 0.977778 0.980000
12/part/970 -1 0.084967 -0.199346 1.267974 0.937908
12/part/971 -1 -0.072368 0.095395 1.118421 1.240132
12/part/972 -1 0.090090 0.141892 0.905405 0.925676
12/part/973 -1 0.125714 -0.157143 1.160000 0.837143
12/part/974 -1 -0.071429 0.159091 1.103896 1.288961
12/part/975 -1 0.234234 0.074324 1.049550 0.858108
12/part/976 -1 0.058559 0.006757 0.873874 0.790541
12/part/977 -1 -0.120482 0.141566 0.969880 1.189759
12/part/978 -1 -0.062500 0.072917 1.194444 1.281250
12/part/979 -1 0.105590 -0.251553 1.229814 0.829193
12/part/980 -1 -0.004926 0.224138 0.886700 1.081281
12/part/981 -1 0.119469 0.134956 0.920354 0.904867
12/part/982 -1 -0.267974 -0.245098 0.915033 0.892157
12/part/983 -1 0.198925 0.120968 1.172043 1.056452
12/part/984 -1 0.063107 0.230583 0.941748 1.075243
12/part/985 -1 0.021277 -0.124113 1.304965 1.109929
12/part/986 -1 0.111888 0.080420 1.377622 1.297203
12/part/987 -1 -0.280303 -0.310606 0.931818 1.053030
12/part/988 -1 0.013636 0.086364 0.740909 0.904545
12/part/989 -1 0.225000 0.205000 1.025000 1.105000
12/part/990 -1 -0.234848 -0.356061 0.977273 1.007576
12/part/991 -1 0.040179 0.209821 0.754464 1.013393
12/part/992 -1 0.113636 -0.310606 1.325758 1.053030
12/part/993 -1 -0.250000 -0.204545 0.962121 1.159091
12/part/994 -1 -0.045918 0.117347 0.770408 1.035714
12/part/995 -1 0.231183 0.155914 1.091398 1.123656
12/part/996 -1 0.126667 -0.206667 1.193333 0.993333
12/part/997 -1 0.257009 0.088785 1.004673 0.929907
12/part/998 -1 0.014151 -0.033019 0.768868 0.816038
12/part/999 -1 -0.069892 -0.102151 0.790323 0.865591
12/part/1000 -1 -0.023585 0.174528 0.731132 1.023585
12/part/1001 -1 -0.130769 0.069231 1.100000 1.453846
12/part/1002 -1 -0.239130 -0.282609 0.920290 1.021739
12/part/1003 -1 0.222826 -0.179348 1.092391 0.798913
12/part/1004 -1 -0.036458 -0.151042 0.796875 0.786458
12/part/1005 -1 0.070513 0.121795 1.096154 1.275641
12/part/1006 -1 0.231959 -0.025773 1.056701 0.902062
12/part/1007 -1 0.127358 0.033019 0.882075 0.882075
12/part/1008 -1 0.186364 -0.004545 0.913636 0.813636
12/part/1009 -1 0.191964 0.245536 0.906250 1.049107
12/part/1010 -1 -0.090426 -0.079787 0.760638 0.877660
12/part/1011 -1 0.125000 -0.316176 1.301471 1.007353
12/part/1012 -1 -0.198529 0.066176 0.977941 1.389706
12/part/1013 -1 -0.223077 -0.053846 1.007692 1.330769
12/part/1014 -1 0.166667 -0.061905 0.928571 0.795238
12/part/1015 -1 0.242857 0.223810 1.004762 1.080952
12/part/1016 -1 0.149038 -0.033654 0.918269 0.831731
12/part/1017 -1 -0.196203 0.082278 0.816456 1.221519
12/part/1018 -1 0.154321 -0.253086 1.141975 0.858025
12/part/1019 -1 0.139175 0.201031 0.963918 1.128866
12/part/1020 -1 0.152778 0.199074 0.893519 1.032407
12/part/1021 -1 0.125000 0.046053 0.782895 0.835526
12/part/1022 -1 0.201389 0.090278 0.895833 0.923611
12/part/1023 -1 0.072368 0.046053 0.730263 0.835526
12/part/1024 -1 0.023810 -0.166667 0.817460 0.785714
12/part/1025 -1 -0.170455 0.079545 0.965909 1.443182
12/part/1026 -1 0.022059 0.183824 0.757353 1.066176
12/part/1027 -1 -0.284091 -0.170455 0.852273 1.193182
12/part/1028 -1 0.131579 -0.201754 1.008772 0.850877
12/part/1029 -1 0.201389 0.104167 0.895833 0.937500
12/part/1030 -1 -0.075000 0.058333 0.758333 1.058333
12/part/1031 -1 0.080357 0.169643 0.973214 1.241071
12/part/1032 -1 0.072368 0.072368 0.730263 0.861842
12/part/1033 -1 0.177632 0.256579 0.835526 1.046053
12/part/1034 -1 0.239726 -0.020548 0.924658 0.801370
12/part/1035 -1 0.046667 0.180000 0.713333 0.980000
12/part/1036 -1 0.012500 -0.037500 1.262500 1.462500
12/part/1037 -1 0.065217 0.152174 0.789855 1.021739
12/part/1038 -1 0.010638 -0.393617 1.074468 0.882979
12/part/1039 -1 -0.211111 -0.033333 0.900000 1.300000
12/part/1040 -1 -0.075000 -0.191667 0.758333 0.808333
12/part/1041 -1 -0.362500 -0.512500 0.887500 0.987500
12/part/1042 -1 0.209091 0.027273 1.118182 1.118182
12/part/1043 -1 0.094203 0.050725 0.818841 0.920290
12/part/1044 -1 -0.011628 -0.127907 1.151163 1.267442
12/part/1045 -1 0.138298 -0.180851 1.202128 1.095745
12/part/1046 -1 0.076389 0.118056 0.770833 0.951389
12/part/1047 -1 -0.170455 -0.170455 0.965909 1.193182
12/part/1048 -1 -0.041667 0.175000 0.791667 1.175000
12/part/1049 -1 0.243056 0.118056 0.937500 0.951389
12/part/1050 -1 0.177083 -0.281250 1.218750 0.968750
12/part/1051 -1 0.256579 0.177632 0.914474 0.967105
12/part/1052 -1 0.183824 0.154412 0.919118 1.036765
12/part/1053 -1 0.060000 -0.033333 0.726667 0.766667
12/part/1054 -1 0.009615 -0.298077 0.971154 0.855769
12/part/1055 -1 0.171642 -0.037313 0.917910 0.858209
12/part/1056 -1 0.105634 -0.007042 0.809859 0.838028
12/part/1057 -1 0.135714 -0.050000 0.850000 0.807143
12/part/1058 -1 -0.107143 -0.226190 1.083333 1.202381
12/part/1059 -1 0.031746 -0.015873 0.785714 0.833333
12/part/1060 -1 -0.129032 0.053763 0.892473 1.204301
12/part/1061 -1 -0.065934 -0.285714 0.978022 0.890110
12/part/1062 -1 0.148515 -0.207921 1.089109 0.851485
12/part/1063 -1 0.076271 0.169492 0.881356 1.076271
12/part/1064 -1 0.131868 -0.175824 1.175824 1.000000
12/part/1065 -1 0.057377 -0.057377 0.836066 0.819672
12/part/1066 -1 0.022727 -0.022727 0.742424 0.787879
12/part/1067 -1 0.156250 -0.039062 0.898438 0.796875
12/part/1068 -1 0.263566 -0.023256 1.000000 0.806202
12/part/1069 -1 0.051282 -0.435897 1.269231 0.935897
12/part/1070 -1 -0.246914 -0.135802 0.925926 1.185185
12/part/1071 -1 -0.034483 0.120690 0.784483 1.043103
12/part/1072 -1 -0.049383 0.086420 1.123457 1.407407
12/part/1073 -1 0.144068 0.194915 0.949153 1.101695
12/part/1074 -1 0.198413 0.166667 0.952381 1.015873
12/part/1075 -1 -0.059322 -0.025424 0.745763 0.881356
12/part/1076 -1 0.025000 -0.375000 1.212500 0.962500
12/part/1077 -1 0.102041 0.122449 1.071429 1.214286
12/part/1078 -1 0.167939 0.061069 0.893130 0.877863
12/part/1079 -1 -0.059322 -0.076271 0.745763 0.830508
12/part/1080 -1 -0.237500 -0.400000 0.950000 0.937500
12/part/1081 -1 0.183333 -0.116667 0.975000 0.775000
12/part/1082 -1 -0.259259 -0.172840 0.913580 1.148148
12/part/1083 -1 0.151163 0.011628 1.255814 1.255814
12/part/1084 -1 -0.089888 -0.292135 0.977528 0.910112
12/part/1085 -1 0.083333 0.104167 1.072917 1.218750
12/part/1086 -1 0.024793 0.206612 0.809917 1.090909
12/part/1087 -1 -0.213483 -0.269663 0.853933 0.932584
12/part/1088 -1 0.100000 -0.387500 1.287500 0.950000
12/part/1089 -1 0.244094 0.161417 0.881890 1.248031
12/part/1090 -1 0.246377 -0.010870 0.833333 0.989130
12/part/1091 -1 0.180000 -0.265000 0.990000 1.115000
12/part/1092 -1 -0.044118 -0.875000 1.147059 1.154412
12/part/1093 -1 -0.101266 -0.132911 0.924051 1.613924
12/part/1094 -1 0.043860 -0.285088 0.754386 0.925439
12/part/1095 -1 -0.032609 -0.298913 0.847826 1.201087
12/part/1096 -1 0.308176 0.179245 0.817610 1.047170
12/part/1097 -1 0.241379 -0.056034 0.939655 1.133621
12/part/1098 -1 0.212121 -0.419192 1.030303 0.974747
12/part/1099 -1 0.177966 -0.233051 0.864407 0.936441
12/part/1100 -1 0.051546 -0.407216 0.886598 1.015464
12/part/1101 -1 0.308824 -0.158088 0.904412 0.856618
12/part/1102 -1 0.009709 -0.286408 0.796117 1.053398
12/part/1103 -1 0.198582 -0.145390 0.773050 0.833333
12/part/1104 -1 0.041667 -0.159722 1.166667 1.756944
12/part/1105 -1 0.285714 0.071429 0.966387 1.231092
12/part/1106 -1 0.097826 -0.277174 0.978261 1.222826
12/part/1107 -1 0.141935 0.003226 0.664516 0.893548
12/part/1108 -1 -0.058140 -0.017442 0.883721 1.587209
12/part/1109 -1 0.170940 -0.055556 0.863248 1.123932
12/part/1110 -1 0.247788 0.075221 0.964602 1.296460
12/part/1111 -1 0.162602 -0.028455 0.821138 1.093496
12/part/1112 -1 -0.051948 -0.084416 1.000000 1.707792
12/part/1113 -1 0.120000 -0.315000 0.930000 1.065000
12/part/1114 -1 0.232558 -0.197674 0.860465 0.872093
12/part/1115 -1 0.233577 0.083942 0.824818 1.091241
12/part/1116 -1 0.166667 0.083333 0.666667 0.935185
12/part/1117 -1 0.084746 0.131356 0.771186 1.300847
12/part/1118 -1 0.206897 0.148276 0.765517 1.100000
12/part/1119 -1 0.211864 0.072034 0.898305 1.241525
12/part/1120 -1 0.294118 0.173203 0.823529 1.075163
12/part/1121 -1 0.205882 -0.259804 1.000000 1.093137
12/part/1122 -1 0.275362 -0.047101 0.862319 0.952899
12/part/1123 -1 -0.101124 -0.533708 0.808989 1.016854
12/part/1124 -1 0.254237 -0.283898 0.940678 0.885593
12/part/1125 -1 0.064103 -0.378205 1.102564 1.391026
12/part/1126 -1 -0.028302 -0.174528 0.735849 1.127358
12/part/1127 -1 0.273585 0.075472 0.849057 0.896226
12/part/1128 -1 0.134615 -0.067308 0.721154 0.769231
12/part/1129 -1 0.061856 0.185567 0.690722 1.082474
12/part/1130 -1 0.166667 0.175926 0.731481 0.981481
12/part/1131 -1 0.027778 -0.305556 0.875000 0.902778
12/part/1132 -1 0.178571 -0.202381 0.904762 0.833333
12/part/1133 -1 0.253165 0.101266 1.025316 1.202532
12/part/1134 -1 0.155172 -0.051724 1.206897 1.448276
12/part/1135 -1 -0.084746 -0.050847 0.949153 1.423729
12/part/1136 -1 0.134021 0.072165 0.762887 0.969072
12/part/1137 -1 0.290000 0.220000 0.900000 1.090000
12/part/1138 -1 0.247312 0.032258 0.903226 0.967742
12/part/1139 -1 0.250000 -0.166667 0.976190 0.869048
12/part/1140 -1 0.075269 -0.139785 0.731183 0.795699
12/part/1141 -1 0.102041 0.173469 0.724490 1.061224
12/part/1142 -1 0.060000 -0.500000 1.280000 1.240000
12/part/1143 -1 -0.092308 -0.400000 0.846154 0.938462
12/part/1144 -1 0.052632 0.063158 0.694737 0.978947
12/part/1145 -1 0.225352 -0.197183 1.084507 1.028169
12/part/1146 -1 0.190476 0.066667 0.771429 0.895238
12/part/1147 -1 0.180328 0.049180 1.180328 1.475410
12/part/1148 -1 0.241379 0.068966 0.942529 1.068966
12/part/1149 -1 0.043478 -0.032609 0.706522 0.913043
12/part/1150 -1 -0.035714 -0.571429 1.053571 0.982143
12/part/1151 -1 0.028571 0.085714 0.900000 1.328571
12/part/1152 -1 -0.092593 -0.037037 1.037037 1.574074
12/part/1153 -1 -0.014493 -0.347826 0.869565 0.913043
12/part/1154 -1 -0.102941 -0.323529 0.794118 0.955882
12/part/1155 -1 -0.020000 -0.520000 1.200000 1.220000
12/part/1156 -1 0.237624 0.079208 0.841584 0.940594
12/part/1157 -1 0.087719 -0.403509 1.157895 1.122807
12/part/1158 -1 -0.140625 0.078125 0.812500 1.437500
12/part/1159 -1 0.233010 0.213592 0.825243 1.058252
12/part/1160 -1 -0.017544 -0.333333 1.052632 1.192982
12/part/1161 -1 0.022472 0.067416 0.707865 1.044944
12/part/1162 -1 0.131868 -0.153846 0.802198 0.802198
12/part/1163 -1 0.094737 0.189474 0.736842 1.105263
12/part/1164 -1 0.110092 0.229358 0.669725 1.027523
12/part/1165 -1 -0.240000 -0.220000 0.980000 1.520000
12/part/1166 -1 0.271341 0.192073 0.881098 1.167683
12/part/1167 -1 0.212418 0.088235 0.866013 1.133987
12/part/1168 -1 0.229381 0.012887 0.744845 0.837629
12/part/1169 -1 0.099057 -0.372642 1.042453 1.136792
12/part/1170 -1 0.039855 -0.206522 0.764493 0.952899
12/part/1171 -1 0.134375 0.065625 0.759375 1.065625
12/part/1172 -1 0.092105 -0.390351 0.969298 1.013158
12/part/1173 -1 0.141379 -0.044828 0.831034 1.058621
12/part/1174 -1 -0.047414 -0.004310 0.814655 1.375000
12/part/1175 -1 0.153179 0.066474 0.731214 0.991329
12/part/1176 -1 -0.225610 -0.640244 0.993902 1.310976
12/part/1177 -1 0.198324 0.136872 0.756983 1.030726
12/part/1178 -1 0.067708 -0.578125 1.109375 1.088542
12/part/1179 -1 0.100000 -0.142424 0.706061 0.827273
12/part/1180 -1 0.055000 -0.365000 1.055000 1.235000
12/part/1181 -1 0.268072 0.153614 0.870482 1.117470
12/part/1182 -1 0.257937 -0.051587 1.051587 1.218254
12/part/1183 -1 0.154867 -0.314159 1.039823 1.101770
12/part/1184 -1 0.199074 -0.319444 1.125000 1.162037
12/part/1185 -1 0.125000 -0.163462 0.766026 0.862179
12/part/1186 -1 0.215232 0.115894 0.877483 1.175497
12/part/1187 -1 0.184028 -0.267361 0.878472 0.843750
12/part/1188 -1 0.263975 -0.077640 0.885093 0.916149
12/part/1189 -1 -0.005000 -0.605000 0.995000 0.995000
12/part/1190 -1 -0.065217 0.065217 0.804348 1.456522
12/part/1191 -1 0.139456 -0.105442 0.819728 0.982993
12/part/1192 -1 0.181564 -0.019553 0.740223 0.874302
12/part/1193 -1 -0.133028 -0.114679 0.784404 1.353211
12/part/1194 -1 0.036290 -0.391129 0.842742 0.899194
12/part/1195 -1 -0.028000 -0.372000 0.772000 0.908000
12/part/1196 -1 0.099315 -0.044521 0.784247 1.051370
12/part/1197 -1 0.166667 -0.120915 0.820261 0.924837
12/part/1198 -1 0.140777 -0.461165 1.111650 1.092233
12/part/1199 -1 0.072414 -0.231034 0.762069 0.872414
12/part/1200 -1 0.121118 0.170807 0.742236 1.164596
12/part/1201 -1 -0.020000 -0.308000 0.780000 0.972000
12/part/1202 -1 0.141566 0.195783 0.743976 1.159639
12/part/1203 -1 0.113636 -0.368182 1.022727 1.086364
12/part/1204 -1 0.130319 0.098404 0.662234 0.949468
12/part/1205 -1 0.188073 0.188073 0.885321 1.087156
12/part/1206 -1 0.095455 0.168182 0.786364 1.059091
12/part/1207 -1 0.139706 -0.448529 1.257353 0.992647
12/part/1208 -1 0.119718 -0.401408 1.190141 0.978873
12/part/1209 -1 0.200855 0.235043 0.850427 1.072650
12/part/1210 -1 0.204545 0.177273 0.895455 1.068182
12/part/1211 -1 0.131068 -0.140777 0.868932 0.810680
12/part/1212 -1 0.243363 -0.075221 0.915929 0.792035
12/part/1213 -1 -0.048387 0.091398 0.768817 1.145161
12/part/1214 -1 0.054455 -0.103960 0.806931 0.866337
12/part/1215 -1 -0.118750 -0.106250 0.831250 1.118750
12/part/1216 -1 0.055085 0.097458 0.699153 0.927966
12/part/1217 -1 -0.234848 -0.265152 0.916667 1.219697
12/part/1218 -1 -0.213235 -0.242647 0.904412 1.198529
12/part/1219 -1 0.163551 0.088785 0.873832 1.004673
12/part/1220 -1 0.005556 -0.238889 0.850000 0.850000
12/part/1221 -1 0.162037 0.208333 0.865741 1.115741
12/part/1222 -1 -0.015000 -0.115000 0.745000 0.865000
12/part/1223 -1 0.288793 0.038793 0.943966 0.883621
12/part/1224 -1 -0.187500 -0.131944 0.868056 1.229167
12/part/1225 -1 0.054622 0.172269 0.693277 0.995798
12/part/1226 -1 -0.040984 -0.401639 1.204918 1.204918
12/part/1227 -1 0.171296 -0.125000 0.875000 0.782407
12/part/1228 -1 -0.004902 0.181373 0.740196 1.142157
12/part/1229 -1 0.151316 0.098684 1.151316 1.388158
12/part/1230 -1 0.240566 -0.080189 0.957547 0.844340
12/part/1231 -1 0.198864 0.153409 1.062500 1.267045
12/part/1232 -1 0.151639 -0.028689 0.774590 0.774590
12/part/1233 -1 0.104839 -0.056452 1.330645 1.524194
12/part/1234 -1 -0.209459 -0.182432 0.817568 1.141892
12/part/1235 -1 0.074324 -0.060811 1.101351 1.263514
12/part/1236 -1 0.105505 0.032110 0.802752 0.931193
12/part/1237 -1 0.283784 0.166667 0.968468 1.049550
12/part/1238 -1 0.061321 -0.099057 0.778302 0.825472
12/part/1239 -1 0.194215 0.128099 0.822314 0.938017
12/part/1240 -1 0.254310 0.030172 0.909483 0.875000
12/part/1241 -1 -0.017857 -0.291667 0.886905 0.875000
12/part/1242 -1 0.081897 0.073276 0.737069 0.918103
12/part/1243 -1 -0.014563 0.140777 0.723301 1.092233
12/part/1244 -1 -0.176923 -0.207692 0.992308 1.300000
12/part/1245 -1 -0.038168 -0.156489 0.870229 0.835878
12/part/1246 -1 0.067797 -0.216102 1.076271 0.885593
12/part/1247 -1 -0.135135 -0.247748 0.936937 0.923423
12/part/1248 -1 -0.194444 0.115741 0.907407 1.319444
12/part/1249 -1 0.160494 0.095679 0.895062 0.898148
12/part/1250 -1 -0.242424 -0.196970 0.959596 1.116162
12/part/1251 -1 0.195122 0.142276 1.162602 1.199187
12/part/1252 -1 0.006494 0.185065 0.779221 1.029221
12/part/1253 -1 -0.160377 0.099057 0.962264 1.325472
12/part/1254 -1 0.245283 -0.003145 0.993711 0.814465
12/part/1255 -1 -0.045752 -0.094771 0.732026 0.754902
12/part/1256 -1 0.091837 0.035714 1.306122 1.362245
12/part/1257 -1 -0.144231 -0.322115 1.000000 0.927885
12/part/1258 -1 0.202614 -0.062092 0.980392 0.787582
12/part/1259 -1 -0.045113 0.146617 0.849624 1.124060
12/part/1260 -1 0.070707 -0.126263 1.272727 1.186869
12/part/1261 -1 0.094340 0.147799 0.842767 0.965409
12/part/1262 -1 -0.019231 0.003205 0.743590 0.836538
12/part/1263 -1 0.120370 -0.032407 1.222222 1.171296
12/part/1264 -1 -0.278351 -0.128866 0.948454 1.211340
12/part/1265 -1 0.061350 0.027607 0.791411 0.825153
12/part/1266 -1 -0.068493 -0.065068 0.746575 0.825342
12/part/1267 -1 0.200000 0.215625 0.943750 1.028125
12/part/1268 -1 0.089172 0.085987 0.847134 0.914013
12/part/1269 -1 -0.316832 -0.143564 0.861386 1.143564
12/part/1270 -1 0.112500 0.146875 0.856250 0.959375
