12/positive/0 1 0.084848 -0.260606 1.109091 0.993939
12/positive/1 1 0.019048 0.033333 0.823810 1.019048
12/positive/2 1 0.117021 -0.207447 1.015957 0.893617
12/positive/3 1 -0.109091 -0.187879 0.915152 1.066667
12/positive/4 1 0.265487 0.035398 1.013274 0.951327
12/positive/5 1 0.086486 -0.059459 1.000000 1.059459
12/positive/6 1 -0.076923 0.000000 0.789744 1.061538
12/positive/7 1 0.058201 0.026455 0.952381 1.121693
12/positive/8 1 -0.069892 -0.134409 0.838710 0.978495
12/positive/9 1 -0.096386 -0.253012 0.921687 0.993976
12/positive/10 1 0.075377 0.020101 0.924623 1.060302
12/positive/11 1 -0.056497 -0.135593 0.898305 1.033898
12/positive/12 1 0.044444 0.071111 0.795556 0.991111
12/positive/13 1 0.105820 -0.216931 1.000000 0.878307
12/positive/14 1 0.166667 -0.095238 0.971429 0.890476
12/positive/15 1 0.073733 0.027650 0.852535 0.981567
12/positive/16 1 -0.091503 -0.176471 1.013072 1.176471
12/positive/17 1 0.239437 0.018779 1.032864 0.990610
12/positive/18 1 -0.056962 -0.151899 1.012658 1.158228
12/positive/19 1 -0.024000 -0.344000 0.992000 1.088000
12/positive/20 1 0.115152 -0.127273 0.884848 0.957576
12/positive/21 1 0.252809 0.050562 0.966292 1.056180
12/positive/22 1 0.238636 0.022727 0.960227 1.039773
12/positive/23 1 0.250000 -0.081250 1.043750 1.037500
12/positive/24 1 -0.056180 -0.112360 0.786517 1.067416
12/positive/25 1 0.174757 -0.077670 0.902913 0.941748
12/positive/26 1 0.112360 -0.235955 0.955056 0.943820
12/positive/27 1 0.097561 -0.109756 1.012195 1.170732
12/positive/28 1 0.255319 -0.031915 1.053191 1.085106
12/positive/29 1 0.080460 -0.011494 0.942529 1.195402
12/positive/30 1 0.262136 0.009709 0.990291 1.029126
12/positive/31 1 0.152174 -0.163043 0.967391 0.978261
12/positive/32 1 0.140000 0.000000 0.890000 1.050000
12/positive/33 1 0.134615 0.000000 0.855769 1.009615
12/positive/34 1 0.028571 -0.314286 0.864286 0.992857
12/positive/35 1 0.000000 -0.085714 0.835714 1.221429
12/positive/36 1 0.034014 -0.020408 0.829932 1.224490
12/positive/37 1 0.146667 -0.046667 0.926667 1.173333
12/positive/38 1 0.175676 -0.009009 0.896396 1.081081
12/positive/39 1 0.097701 -0.287356 1.017241 1.103448
12/positive/40 1 0.159483 -0.008621 0.849138 1.034483
12/positive/41 1 0.226496 -0.025641 0.910256 1.008547
12/positive/42 1 0.064706 -0.105882 1.005882 1.317647
12/positive/43 1 0.103960 -0.099010 0.896040 1.099010
12/positive/44 1 -0.017045 -0.181818 0.892045 1.193182
12/positive/45 1 0.270642 -0.045872 1.004587 1.064220
12/positive/46 1 0.005952 -0.333333 0.958333 1.107143
12/positive/47 1 0.082609 -0.060870 0.778261 0.991304
12/positive/48 1 0.000000 0.022936 0.779817 1.142202
12/positive/49 1 -0.011905 -0.267857 1.000000 1.184524
12/positive/50 1 0.100000 -0.238889 1.044444 1.116667
12/positive/51 1 -0.021505 -0.166667 0.892473 1.145161
12/positive/52 1 0.117647 -0.112745 0.950980 1.083333
12/positive/53 1 0.206612 -0.045455 0.909091 0.962810
12/positive/54 1 0.088235 -0.044118 0.921569 1.151961
12/positive/55 1 -0.029703 -0.153465 0.811881 1.054455
12/positive/56 1 -0.035714 -0.458333 0.976190 0.994048
12/positive/57 1 0.284615 -0.026923 0.984615 1.003846
12/positive/58 1 0.135135 -0.112613 0.954955 1.094595
12/positive/59 1 -0.010870 -0.146739 0.978261 1.309783
12/positive/60 1 0.081081 -0.013514 0.900901 1.193694
12/positive/61 1 0.018182 -0.213636 0.845455 1.004545
12/positive/62 1 -0.101190 -0.005952 1.255952 1.017857
12/positive/63 1 -0.408537 -0.006098 0.981707 1.042683
12/positive/64 1 -0.154255 0.015957 1.058511 0.930851
12/positive/65 1 -0.110577 0.033654 0.985577 0.860577
12/positive/66 1 -0.255435 0.125000 0.983696 1.059783
12/positive/67 1 -0.284946 0.048387 0.940860 0.973118
12/positive/68 1 -0.219101 0.016854 1.061798 0.983146
12/positive/69 1 -0.004587 0.151376 1.041284 0.940367
12/positive/70 1 -0.351190 0.053571 1.005952 1.077381
12/positive/71 1 -0.114679 0.022936 0.931193 0.811927
12/positive/72 1 0.070248 -0.165289 0.929752 1.148760
12/positive/73 1 -0.010563 0.000000 0.721831 1.119718
12/positive/74 1 0.111570 -0.090909 0.971074 1.223140
12/positive/75 1 0.177165 -0.062992 0.996063 1.188976
12/positive/76 1 0.234266 -0.041958 0.961538 1.069930
12/positive/77 1 0.007692 -0.007692 0.838462 1.253846
12/positive/78 1 0.054878 -0.006098 0.713415 0.993902
12/positive/79 1 0.022727 -0.159091 0.840909 1.083333
12/positive/80 1 0.081250 0.006250 0.756250 1.031250
12/positive/81 1 0.093220 -0.381356 1.008475 1.008475
12/positive/82 1 0.008475 -0.330508 0.923729 1.059322
12/positive/83 1 0.027273 -0.481818 1.009091 1.009091
12/positive/84 1 0.218182 0.012121 0.915152 1.012121
12/positive/85 1 0.022556 -0.270677 0.887218 0.969925
12/positive/86 1 0.063492 0.023810 0.976190 1.333333
12/positive/87 1 0.000000 -0.349206 0.912698 0.960317
12/positive/88 1 -0.045113 -0.172932 0.819549 1.067669
12/positive/89 1 0.153846 -0.023077 1.038462 1.246154
12/positive/90 1 0.076087 -0.018116 0.844203 0.981884
12/positive/91 1 -0.057522 -0.146018 0.880531 1.075221
12/positive/92 1 -0.043689 -0.344660 0.985437 0.995146
12/positive/93 1 -0.026718 -0.072519 0.782443 0.980916
12/positive/94 1 0.220000 -0.004000 1.068000 1.100000
12/positive/95 1 0.182836 -0.048507 0.973881 0.981343
12/positive/96 1 -0.042056 -0.116822 0.948598 1.172897
12/positive/97 1 0.097826 -0.090580 0.865942 0.909420
12/positive/98 1 0.098291 0.012821 1.004274 1.192308
12/positive/99 1 0.014851 0.004950 1.064356 1.371287
12/positive/100 1 0.274306 -0.024306 1.010417 0.934028
12/positive/101 1 0.251678 0.063758 0.963087 0.989933
12/positive/102 1 0.144737 -0.151316 0.973684 1.164474
12/positive/103 1 0.204545 -0.005682 0.920455 1.130682
12/positive/104 1 0.084507 -0.176056 0.971831 1.232394
12/positive/105 1 0.063291 -0.158228 0.860759 1.107595
12/positive/106 1 -0.021930 -0.087719 0.802632 1.096491
12/positive/107 1 0.079832 -0.168067 0.869748 0.966387
12/positive/108 1 0.183036 0.017857 1.022321 1.223214
12/positive/109 1 0.055085 -0.016949 0.851695 1.127119
12/positive/110 1 0.020000 -0.040000 0.772000 1.040000
12/positive/111 1 0.016129 -0.290323 1.026882 1.161290
12/positive/112 1 0.223577 0.040650 0.987805 1.138211
12/positive/113 1 0.160870 -0.173913 0.978261 1.000000
12/positive/114 1 0.045082 -0.008197 0.815574 1.098361
12/positive/115 1 0.253676 0.007353 0.944853 1.000000
12/positive/116 1 0.115894 0.086093 0.923841 1.072848
12/positive/117 1 0.048246 -0.122807 1.118421 1.184211
12/positive/118 1 -0.030435 -0.226087 1.030435 1.069565
12/positive/119 1 0.053459 0.018868 0.820755 0.955975
12/positive/120 1 0.122378 -0.083916 0.975524 0.958042
12/positive/121 1 -0.018116 0.057971 0.865942 1.137681
12/positive/122 1 0.107143 0.000000 0.899351 0.967532
12/positive/123 1 -0.010714 -0.164286 0.860714 0.900000
12/positive/124 1 0.036000 0.088000 1.012000 1.280000
12/positive/125 1 0.011905 0.007937 0.980159 1.190476
12/positive/126 1 0.028455 -0.065041 1.020325 1.146341
12/positive/127 1 -0.096899 -0.139535 0.848837 1.015504
12/positive/128 1 -0.069672 -0.270492 0.930328 0.950820
12/positive/129 1 -0.063559 0.025424 0.970339 1.288136
12/positive/130 1 0.103333 0.073333 0.916667 1.066667
12/positive/131 1 0.187943 0.042553 1.053191 1.099291
12/positive/132 1 0.111842 0.088816 0.891447 1.046053
12/positive/133 1 0.195652 -0.028986 1.054348 1.025362
12/positive/134 1 0.035156 -0.253906 0.960938 0.882812
12/positive/135 1 0.158784 -0.074324 0.959459 0.908784
12/positive/136 1 0.037975 -0.130802 1.037975 1.097046
12/positive/137 1 0.059322 0.000000 1.063559 1.233051
12/positive/138 1 0.030189 -0.203774 0.924528 0.894340
12/positive/139 1 0.131206 0.067376 0.971631 1.099291
12/positive/140 1 0.110687 0.022901 1.015267 1.133588
12/positive/141 1 0.011450 0.095420 0.916031 1.206107
12/positive/142 1 0.069091 0.098182 0.930909 1.156364
12/positive/143 1 0.096220 0.092784 0.910653 1.092784
12/positive/144 1 0.086093 -0.079470 0.870861 0.884106
12/positive/145 1 0.160772 -0.022508 0.922830 0.913183
12/positive/146 1 0.008163 -0.146939 0.975510 1.040816
12/positive/147 1 0.170648 0.092150 0.979522 1.085324
12/positive/148 1 0.065844 -0.032922 1.041152 1.164609
12/positive/149 1 0.049550 0.018018 0.770270 0.945946
12/positive/150 1 0.005495 0.010989 0.884615 1.142857
12/positive/151 1 0.050562 -0.033708 0.949438 1.123596
12/positive/152 1 0.102151 -0.182796 0.962366 0.924731
12/positive/153 1 0.073034 -0.022472 0.971910 1.134831
12/positive/154 1 0.134831 -0.123596 1.033708 1.033708
12/positive/155 1 0.109091 -0.018182 0.836364 0.918182
12/positive/156 1 0.029762 -0.154762 0.982143 1.071429
12/positive/157 1 0.005882 -0.188235 0.947059 1.023529
12/positive/158 1 0.026316 -0.073684 0.868421 1.010526
12/positive/159 1 0.126316 0.063158 0.968421 1.147368
12/positive/160 1 0.087209 -0.046512 1.017442 1.151163
12/positive/161 1 -0.059406 -0.138614 0.920792 0.940594
12/positive/162 1 0.009009 -0.144144 0.900901 0.837838
12/positive/163 1 0.034188 0.153846 0.880342 1.085470
12/positive/164 1 0.150442 -0.097345 1.026549 0.867257
12/positive/165 1 -0.138298 -0.180851 0.914894 0.978723
12/positive/166 1 0.046729 0.140187 0.971963 1.158879
12/positive/167 1 -0.086538 0.019231 0.865385 1.067308
12/positive/168 1 0.117117 0.045045 1.009009 1.027027
12/positive/169 1 0.179487 0.000000 1.025641 0.931624
12/positive/170 1 0.157407 0.064815 1.074074 1.074074
12/positive/171 1 -0.062500 -0.197917 0.968750 0.937500
12/positive/172 1 0.069767 0.007752 0.837209 0.852713
12/positive/173 1 0.000000 -0.174419 1.151163 1.093023
12/positive/174 1 0.148438 0.109375 0.921875 0.960938
12/positive/175 1 0.087379 0.009709 1.048544 1.067961
12/positive/176 1 0.115044 -0.097345 0.991150 0.867257
12/positive/177 1 0.092437 -0.033613 0.924370 0.882353
12/positive/178 1 -0.098214 -0.008929 0.785714 0.964286
12/positive/179 1 0.166667 -0.008772 1.035088 0.947368
12/positive/180 1 0.009709 0.155340 0.970874 1.213592
12/positive/181 1 -0.086957 0.000000 0.989130 1.184783
12/positive/182 1 0.028846 -0.115385 0.980769 0.932692
12/positive/183 1 -0.111111 0.066667 0.988889 1.277778
12/positive/184 1 -0.018349 -0.137615 0.889908 0.862385
12/positive/185 1 -0.019048 0.085714 0.923810 1.123810
12/positive/186 1 0.171429 0.064286 0.892857 1.057143
12/positive/187 1 0.157025 -0.033058 0.991736 1.115702
12/positive/188 1 0.241379 0.034483 0.937931 0.993103
12/positive/189 1 0.075472 -0.264151 1.028302 1.047170
12/positive/190 1 -0.041237 -0.206186 1.000000 1.226804
12/positive/191 1 0.000000 -0.206186 1.041237 1.226804
12/positive/192 1 0.037879 -0.030303 0.803030 1.022727
12/positive/193 1 0.106195 -0.292035 1.000000 0.938053
12/positive/194 1 -0.244681 -0.037234 0.936170 0.962766
12/positive/195 1 -0.085106 0.122340 1.095745 1.122340
12/positive/196 1 0.000000 -0.111765 1.305882 0.994118
12/positive/197 1 -0.152381 0.023810 0.904762 0.919048
12/positive/198 1 -0.179245 0.080189 0.867925 0.966981
12/positive/199 1 -0.008475 -0.004237 0.932203 0.792373
12/positive/200 1 -0.202381 -0.077381 1.119048 1.041667
12/positive/201 1 -0.294118 -0.123529 1.011765 0.982353
12/positive/202 1 -0.021739 0.016304 1.184783 1.038043
12/positive/203 1 -0.135417 0.088542 1.020833 1.067708
12/positive/204 1 -0.067961 0.024272 1.009709 0.936893
12/positive/205 1 0.133929 0.129464 1.125000 0.968750
12/positive/206 1 -0.236559 -0.091398 0.956989 0.919355
12/positive/207 1 -0.147727 -0.107955 1.113636 0.960227
12/positive/208 1 0.169725 -0.087156 1.068807 1.032110
12/positive/209 1 0.028000 -0.012000 0.812000 0.964000
12/positive/210 1 -0.075221 -0.013274 0.792035 1.066372
12/positive/211 1 -0.013274 -0.004425 0.853982 1.075221
12/positive/212 1 -0.013274 0.039823 0.853982 1.119469
12/positive/213 1 0.035156 0.097656 0.800781 1.050781
12/positive/214 1 0.172897 0.014019 1.088785 1.154206
12/positive/215 1 0.172897 -0.042056 1.088785 1.098131
12/positive/216 1 -0.047368 -0.184211 0.984211 1.100000
12/positive/217 1 0.004464 -0.102679 0.879464 0.986607
12/positive/218 1 0.213178 0.050388 0.972868 0.996124
12/positive/219 1 -0.085859 -0.186869 0.904040 1.045455
12/positive/220 1 0.072650 -0.055556 0.910256 0.987179
12/positive/221 1 0.116000 0.068000 0.900000 1.044000
12/positive/222 1 0.207317 -0.045732 0.945122 1.137195
12/positive/223 1 0.067114 -0.184564 0.879195 1.117450
12/positive/224 1 0.200000 -0.093548 0.980645 1.158065
12/positive/225 1 -0.005051 -0.063131 0.909091 0.815657
12/positive/226 1 -0.050505 -0.032828 0.863636 0.845960
12/positive/227 1 0.024752 -0.027228 0.920792 0.834158
12/positive/228 1 -0.138728 0.072254 0.907514 1.078035
12/positive/229 1 -0.209459 -0.145270 1.013514 1.030405
12/positive/230 1 -0.143836 -0.003425 1.095890 1.188356
12/positive/231 1 0.000000 0.126943 0.937824 1.028497
12/positive/232 1 0.057895 0.176316 1.010526 1.092105
12/positive/233 1 -0.064516 -0.067204 0.908602 0.868280
12/positive/234 1 -0.024242 -0.148485 1.072727 0.906061
12/positive/235 1 -0.021622 0.132432 0.956757 1.072973
12/positive/236 1 0.072289 -0.087349 1.162651 0.960843
12/positive/237 1 0.146789 0.002294 0.977064 0.800459
12/positive/238 1 -0.035714 0.056548 1.041667 1.092262
12/positive/239 1 0.101604 0.008021 1.069519 0.938503
12/positive/240 1 -0.258065 -0.067742 0.909677 1.054839
12/positive/241 1 -0.150602 -0.099398 0.939759 0.948795
12/positive/242 1 0.110526 0.102632 1.063158 1.018421
12/positive/243 1 -0.103261 -0.002717 0.880435 0.942935
12/positive/244 1 0.166667 -0.002688 1.139785 0.932796
12/positive/245 1 0.177570 0.151869 1.023364 0.964953
12/positive/246 1 0.089005 -0.039267 1.036649 0.871728
12/positive/247 1 0.024096 0.075301 1.114458 1.123494
12/positive/248 1 0.028846 0.170673 0.899038 1.007212
12/positive/249 1 -0.159722 -0.187500 0.951389 1.062500
12/positive/250 1 0.097938 0.015464 0.922680 0.943299
12/positive/251 1 0.133663 0.133663 0.925743 1.024752
12/positive/252 1 -0.005882 0.041176 0.935294 1.100000
12/positive/253 1 0.005618 0.039326 0.904494 1.050562
12/positive/254 1 0.113095 -0.053571 1.065476 1.017857
12/positive/255 1 -0.055556 0.045455 0.752525 0.954545
12/positive/256 1 0.028090 0.151685 0.926966 1.162921
12/positive/257 1 0.005102 0.005102 0.821429 0.923469
12/positive/258 1 -0.056250 -0.093750 0.943750 1.031250
12/positive/259 1 0.028409 -0.142045 0.937500 0.880682
12/positive/260 1 0.161111 -0.083333 1.050000 0.916667
12/positive/261 1 0.208738 0.121359 0.985437 0.995146
12/positive/262 1 0.192708 -0.067708 1.026042 0.869792
12/positive/263 1 0.034722 -0.020833 1.145833 1.229167
12/positive/264 1 0.157143 0.090476 0.919048 0.947619
12/positive/265 1 -0.114583 -0.093750 0.927083 1.156250
12/positive/266 1 0.038462 0.053846 0.807692 0.976923
12/positive/267 1 -0.079545 -0.034091 1.056818 1.329545
12/positive/268 1 -0.088235 -0.205882 0.892157 0.970588
12/positive/269 1 0.046296 0.120370 0.972222 1.231481
12/positive/270 1 0.107843 -0.029412 1.088235 1.147059
12/positive/271 1 -0.101852 -0.083333 0.824074 1.027778
12/positive/272 1 0.046296 -0.212963 0.972222 0.898148
12/positive/273 1 -0.091837 -0.214286 0.928571 1.010204
12/positive/274 1 0.091837 -0.010204 1.112245 1.214286
12/positive/275 1 0.058333 -0.108333 0.891667 0.891667
12/positive/276 1 -0.056452 -0.008065 0.750000 0.959677
12/positive/277 1 0.045045 -0.027027 0.900901 0.936937
12/positive/278 1 -0.044944 -0.179775 1.022472 1.022472
12/positive/279 1 0.099010 -0.009901 1.039604 1.049505
12/positive/280 1 -0.029412 0.127451 0.901961 1.176471
12/positive/281 1 0.075269 0.043011 1.096774 1.193548
12/positive/282 1 -0.061856 -0.010309 0.917526 1.092784
12/positive/283 1 0.020619 -0.051546 1.000000 1.051546
12/positive/284 1 0.056452 0.129032 0.822581 0.991935
12/positive/285 1 0.123967 0.016529 0.909091 0.900826
12/positive/286 1 -0.026549 0.061947 0.814159 1.008850
12/positive/287 1 0.127451 -0.068627 1.058824 0.980392
12/positive/288 1 0.112069 0.155172 0.931034 1.077586
12/positive/289 1 0.040404 -0.191919 1.000000 0.888889
12/positive/290 1 0.207921 -0.059406 1.148515 1.000000
12/positive/291 1 -0.028846 -0.096154 0.884615 0.932692
12/positive/292 1 -0.045455 -0.009091 0.818182 0.963636
12/positive/293 1 0.160714 0.071429 1.008929 1.026786
12/positive/294 1 -0.008547 0.000000 0.803419 0.914530
12/positive/295 1 -0.115789 0.000000 0.884211 1.126316
12/positive/296 1 -0.058824 -0.305882 1.058824 0.952941
12/positive/297 1 0.015873 -0.079365 0.984127 1.301587
12/positive/298 1 0.101449 -0.246377 0.985507 1.014493
12/positive/299 1 0.016393 -0.311475 1.016393 1.114754
12/positive/300 1 0.247191 -0.011236 0.932584 0.966292
12/positive/301 1 0.215190 -0.088608 0.987342 1.012658
12/positive/302 1 0.123288 -0.164384 0.958904 1.027397
12/positive/303 1 0.057143 0.028571 0.928571 1.271429
12/positive/304 1 0.170732 -0.024390 0.914634 1.036585
12/positive/305 1 -0.014925 -0.194030 0.895522 1.104478
12/positive/306 1 0.102564 -0.089744 0.884615 1.025641
12/positive/307 1 0.030303 -0.242424 0.954545 1.075758
12/positive/308 1 0.012605 -0.012605 0.852941 1.331933
12/positive/309 1 0.231618 -0.158088 0.966912 1.018382
12/positive/310 1 0.011719 -0.121094 0.792969 1.128906
12/positive/311 1 0.050388 -0.058140 0.825581 1.182171
12/positive/312 1 0.225000 0.065000 0.985000 1.045000
12/positive/313 1 -0.069620 -0.120253 0.892405 1.120253
12/positive/314 1 0.237864 0.024272 0.975728 0.975728
12/positive/315 1 0.078125 -0.005208 0.869792 1.015625
12/positive/316 1 0.142105 -0.036842 0.942105 0.994737
12/positive/317 1 0.254808 0.024038 0.985577 0.966346
12/positive/318 1 -0.080247 -0.216049 0.858025 0.993827
12/positive/319 1 -0.031250 -0.118750 0.918750 1.106250
12/positive/320 1 0.006757 -0.168919 1.033784 1.155405
12/positive/321 1 0.182292 -0.109375 0.973958 0.911458
12/positive/322 1 0.061069 -0.156489 0.969466 0.835878
12/positive/323 1 0.129771 -0.019084 1.038168 0.973282
12/positive/324 1 -0.056604 -0.268868 1.066038 0.957547
12/positive/325 1 0.051282 -0.226496 1.068376 0.884615
12/positive/326 1 -0.055046 -0.050459 1.036697 1.142202
12/positive/327 1 0.115044 -0.057522 1.168142 1.092920
12/positive/328 1 -0.033898 -0.080508 0.974576 1.021186
12/positive/329 1 -0.121739 -0.143478 0.913043 0.986957
12/positive/330 1 0.117647 -0.130252 1.117647 0.962185
12/positive/331 1 0.138211 -0.028455 1.105691 1.028455
12/positive/332 1 0.063492 -0.051587 1.007937 0.980159
12/positive/333 1 0.058824 -0.071429 1.058824 1.021008
12/positive/334 1 -0.008333 0.045833 0.983333 1.129167
12/positive/335 1 0.033058 -0.136364 1.016529 0.938017
12/positive/336 1 0.016807 -0.054622 1.016807 1.037815
12/positive/337 1 -0.163793 -0.107759 0.862069 1.012931
12/positive/338 1 0.088000 -0.172000 1.040000 0.868000
12/positive/339 1 0.135714 0.153571 0.985714 1.082143
12/positive/340 1 -0.165289 -0.028926 0.818182 1.045455
12/positive/341 1 0.092437 0.079832 1.092437 1.172269
12/positive/342 1 0.015267 0.125954 0.923664 1.118321
12/positive/343 1 -0.061404 -0.030702 0.982456 1.109649
12/positive/344 1 0.073171 0.044715 1.040650 1.101626
12/positive/345 1 0.141732 0.051181 1.078740 1.074803
